2388	2721
536	10810
1754	11006
3147	11769
2068	7708
2068	569
912	14314
1285	10532
3032	11962
3174	10195
879	9793
2006	13646
458	11030
5268	10859
1072	7890
2472	8693
734	13028
1649	7972
1017	8952
557	7337
4564	14210
4450	11061
2061	12136
2061	10606
1454	12136
1639	13437
4461	9628
1545	9840
883	10991
2568	10077
1743	6605
3402	10406
5115	8114
1968	10672
810	12286
338	1861
3146	8156
876	13019
1545	10772
1545	10935
1547	4519
302	825
4893	7625
3185	4530
2568	10559
162	8728
162	9453
2568	9506
162	5539
162	7991
162	5569
162	5428
162	5669
162	1658
162	3098
162	2052
5129	11273
4763	10991
3503	8650
3781	13518
3641	11454
3641	10898
2040	10566
3724	4210
3724	4114
5180	11134
4877	10750
426	7700
700	5369
4516	10614
2911	8710
1547	7514
5277	9684
3555	7303
1484	10262
1484	8869
2628	14493
2628	9817
2628	9751
2628	9148
2628	9588
2628	9813
5070	10026
3151	2031
3151	12864
446	12101
75	5804
918	10842
132	10685
132	14488
3781	10420
766	7420
3409	11087
766	5794
766	14495
766	1195
766	3284
460	13998
4449	9266
4758	10772
3353	13749
1181	4913
1181	2861
3899	10046
426	3517
426	7931
2784	164
2784	766
516	4103
516	726
5032	14210
1064	9217
1064	9815
1064	9333
1064	4718
1064	6757
4466	10416
1064	7903
3151	10817
1064	6326
4466	4121
3151	5192
3606	10711
3606	14341
5170	8988
2318	3271
3300	11042
3300	11852
3944	9241
4202	8071
4202	10416
4202	3795
2832	10606
2832	12136
2832	8710
2418	12849
2832	8718
2832	10322
2832	9233
458	14105
1174	8771
174	8573
2763	12455
2859	11789
4473	9536
4473	10736
479	13297
479	10700
479	11820
479	2803
479	8177
479	10510
3854	10711
3854	10245
1279	10505
5251	6894
1190	13018
1279	11070
1150	11360
4241	10549
4661	12101
4333	13437
426	4794
3192	10867
3129	11290
3129	10492
3129	9950
3129	7387
3288	10886
4042	9980
4042	5776
4308	10292
4308	3685
4308	6098
640	10344
1341	11590
5482	10774
1579	10107
1579	6116
1579	13107
1017	10832
2530	833
2366	10735
3916	10821
1806	11086
4268	9243
4268	7930
766	13215
766	546
766	144
766	1228
766	515
766	6024
766	8449
766	10359
4060	10739
4971	12277
3778	14371
4451	238
4451	5244
1339	9665
1975	12171
4144	5186
5339	9743
476	11672
782	4527
476	11669
4358	14043
5038	10567
3709	12800
192	11683
1044	10766
1044	13684
1805	9492
1836	8840
3749	9905
787	13652
426	3588
426	2023
426	3987
1504	10854
3715	3666
3715	12844
3715	11670
4697	633
4697	738
4697	1203
2525	4101
3447	8708
1472	3467
1472	4890
5033	1618
5033	9427
3092	13437
2090	10153
2576	11683
3781	10487
3781	10615
2187	10766
1627	9492
1627	8729
1627	7782
1545	9096
4914	13327
227	10769
1135	11768
1135	10981
3819	10945
2718	569
4927	5811
4927	4033
4927	14482
4489	1841
1639	11360
1381	10567
1381	10759
3540	13646
479	5714
479	14139
479	5338
3999	7606
3999	10389
5008	13868
3401	14210
1163	2105
1614	10207
1614	7469
1614	8706
1614	10711
1614	8920
1614	5166
1614	6116
1614	8683
1614	8708
1614	9127
1614	4549
1614	5595
1614	3517
2717	13362
2811	11056
5364	7533
2679	9453
5364	13444
5364	2698
2679	7237
2679	11054
2679	3727
2679	1303
2135	9653
781	11018
2135	9240
2270	11360
1307	8318
1307	2437
1987	9742
4457	9123
832	10420
2332	7586
2332	3159
2332	1849
2576	11042
1076	2698
1076	13444
2378	14369
4263	12623
2106	12136
3248	10659
4914	10689
5010	10683
3781	14587
1693	9944
3047	14466
1969	9652
70	10486
2187	10945
2187	12101
5113	3663
5113	3467
5113	3043
19	4244
3270	8893
3132	10772
3724	5316
3235	9501
1871	2627
1871	14559
1871	8592
296	9368
446	13603
4397	9908
1816	13990
4012	9044
1513	6519
2312	2454
1124	12032
389	14266
389	10711
2514	11480
4589	10651
139	14211
4830	6648
135	13584
135	14466
4564	11360
3192	11030
5421	14105
4302	1553
798	11088
798	4124
4596	11997
3109	10365
192	13437
3724	8066
4992	9742
3781	12101
912	14127
1768	10801
1711	11768
4830	1303
426	7319
639	13652
5277	4538
1321	8882
1989	7560
5129	8124
5129	6386
534	8550
1121	8031
1121	7907
1121	8713
1121	4737
1121	6961
4417	12136
4417	5106
4417	8718
4417	10322
4417	9057
4417	8526
4417	9233
4417	9462
4417	8710
4417	9127
4510	14458
3907	9334
3715	10431
291	10886
107	11273
107	9335
107	9830
5368	13510
1520	2227
2051	4161
1871	9147
3565	11768
3656	8610
3656	763
4239	10873
3172	4386
4239	10937
71	9932
1969	10730
5172	10089
540	10523
4356	10632
458	11360
4445	9049
4445	3186
631	4409
631	5045
4818	9207
4818	8325
2106	10713
1513	8669
1513	6164
1969	12082
1561	12300
1766	10956
426	8226
426	5013
2373	5237
2373	11003
296	8771
5397	14314
4720	10679
2148	8685
2148	11004
3201	3987
4477	831
4477	11273
4477	438
4477	8968
4477	1975
4477	6476
4477	12617
4477	5880
4477	11447
4477	5192
4477	7852
4477	6105
4477	8051
4477	9913
4477	9335
1491	10549
4477	9202
4477	9462
4477	14559
4477	5231
4477	5100
4477	9464
1782	11955
4549	8452
2534	10835
3423	5530
3042	14415
3288	10835
4706	3026
4706	7760
4706	14325
4706	7248
4706	3753
4706	2760
4706	7562
3540	10835
1382	10835
2464	1189
2106	10489
3979	3365
5180	10728
5180	8372
4303	10835
2804	10374
1958	10346
426	7936
3484	12536
4868	11039
3843	8941
540	10465
4773	9099
2151	7036
2050	2632
3224	12242
832	8372
658	11273
658	11772
658	10377
2099	10314
2334	10835
1399	2698
4927	10835
286	10835
3681	10835
5436	3658
211	10938
3871	7516
1617	11763
671	10835
671	10567
4975	8185
4402	5572
2290	5029
3641	9099
3065	13926
3065	10753
4045	10835
71	7848
832	10230
1470	9099
5129	7519
5421	12186
1197	10083
4176	10835
4301	10989
1473	9099
4903	12786
1381	11195
1710	10683
3132	14179
3132	14418
3540	10687
1175	14415
2652	3655
3158	11030
3433	10513
819	14391
1693	4386
2058	10303
2058	7103
2058	10640
2278	13211
2278	11285
4095	11070
2388	9099
3517	11057
2751	10336
2787	10308
5297	11452
89	10434
1766	9366
3473	10732
3725	9652
3725	10302
832	13794
34	7303
690	7760
2373	6004
885	10202
3001	11317
1238	9742
1390	2539
1390	10692
1390	6048
2755	10918
2636	10713
426	11552
1639	8372
3683	14366
3683	10624
3683	8729
3683	11480
5461	11457
5462	11457
703	4598
703	4169
703	11354
703	4031
703	3388
703	3162
703	10303
677	10829
2779	8372
1505	10446
502	1515
4932	10728
4334	12136
429	10776
1812	11042
3781	13843
2304	11038
277	11317
514	6837
514	14349
514	2695
4474	12252
2044	13437
4489	10344
1333	13795
1333	11395
1333	13740
1333	10230
3541	10835
3866	10835
3555	10835
3555	11212
3683	7902
4985	10835
5147	13122
1333	8539
3707	9022
4040	4709
2663	8372
758	8565
426	10972
3350	10735
1085	10557
4795	12242
426	1635
4795	12136
1452	10931
3474	14105
5149	9282
3707	3538
3707	5478
3707	5231
3707	7673
3707	9602
3707	4527
5470	10835
3015	9052
3015	8342
2180	13409
2180	10975
2180	10566
3224	12675
4511	10848
3224	14116
1963	7376
2672	13795
3401	11360
711	6163
587	11529
3129	10835
3129	5177
3129	6624
3129	9698
2883	13437
2672	12577
2293	11529
1728	10975
4992	10797
3778	10836
4916	11139
4916	7445
4916	9894
3239	13131
4676	10957
4420	11422
772	11087
2614	11442
2614	14325
2525	7779
3353	14472
378	10730
5470	5299
3192	9742
1561	6500
586	14192
1805	9654
2415	9099
4530	10835
3176	2672
84	11452
583	13845
4239	11119
5050	7535
2318	1906
1876	10950
1052	10709
1689	10246
1689	8574
3525	8490
4859	13013
4914	12032
3234	4264
2002	10737
5172	9742
3278	10776
4589	10603
4192	9099
2819	10973
3321	9334
524	3868
3747	9939
2320	7795
2320	12186
4059	7552
83	8965
83	10001
83	10000
83	9172
83	12136
83	7892
83	9990
1682	10432
83	14125
1877	13049
4644	8934
1994	11317
1806	8300
930	10606
4916	8661
3524	10420
2318	2464
155	10776
3132	9911
426	10612
1889	9652
4960	14210
4091	3530
639	3491
1971	5470
4589	10736
1340	13532
2608	3887
2771	10835
5032	11005
13	10000
773	14273
5467	6018
1051	10957
1505	10772
2033	11360
739	10484
1124	10776
291	10710
3235	4495
426	10465
508	10376
3085	11829
4	13212
4260	10975
4841	7904
1766	6624
3151	4524
4841	9699
4841	6366
4841	13107
4841	10127
4841	7493
4841	9601
4596	7961
1340	9153
2970	7303
2970	8307
132	9099
3197	1386
3197	1596
3197	1245
3197	821
3197	8025
3197	1008
3197	1420
3197	829
3197	831
3197	8012
3197	1164
2703	8833
5149	4229
2459	10651
2577	13795
4761	8509
4761	9814
4174	8584
4761	5314
4761	14482
1642	8994
5432	10835
378	14116
3252	10688
5008	13437
962	9331
1668	12864
3308	5736
913	6680
378	13384
233	9245
965	12745
5195	11834
4140	11834
3540	10951
2767	1935
378	12136
2292	10439
1190	4744
2278	14210
2278	13503
2278	13750
2278	6863
2749	11187
3931	8372
482	13646
988	13478
4965	3668
3825	11478
2251	10687
3028	10911
4510	10561
3805	12775
426	10532
1071	12371
2614	12197
435	9719
959	10289
426	9757
4600	9179
4600	9764
4600	11670
4600	10643
4600	9316
4600	10313
4600	10737
1816	6139
885	9153
919	10847
919	7303
1939	8009
1939	9740
5482	10776
485	10874
2601	6859
2594	4976
2576	13437
3870	10835
3542	14341
1965	2133
4174	11317
1965	6395
5333	10398
4495	7781
5421	10711
3895	10964
4370	12606
378	13845
4383	9175
2802	1196
2727	11229
2727	11598
3854	13446
5482	8372
4196	11012
1143	10330
4202	5320
4451	1228
2557	4744
3556	13795
280	1839
4456	10478
4774	8215
3902	2044
3098	9522
1386	10975
3386	12638
2620	14325
1365	10661
4929	4709
4929	373
2278	14232
2278	14169
3835	11782
3781	10995
2413	10608
5149	11145
2982	6698
3001	9804
2099	9804
3234	11475
3129	2345
2105	402
620	10728
2626	5601
3979	1502
3979	2852
3979	2770
3979	2768
3979	6839
3979	3803
3979	2399
3979	2811
3979	11501
1376	10701
1376	11452
3283	9682
4645	1529
4645	1849
719	9458
751	10835
751	5384
3448	1111
4356	10430
1967	11360
5018	6367
992	12536
2114	13131
3527	5663
3527	4560
5115	5194
1618	7789
3473	13795
5418	10728
3147	5100
4685	3162
4685	8424
4685	9835
2460	9840
4635	10480
885	12800
3795	8227
2366	11457
1194	9800
4165	9099
4165	10785
4165	10854
4165	10898
4165	11273
4165	7303
4165	10549
4165	10418
2459	10766
3855	3837
1975	14106
4635	10201
3540	10549
3540	10454
3406	3045
932	12800
1780	11262
4732	10389
5368	10829
5368	10835
5018	9464
1353	4694
1353	11876
1353	11502
1894	10854
3681	10829
5000	10346
3765	10883
4276	3282
4276	2633
3834	9703
350	10056
1226	10855
2914	10420
5455	10415
5422	10103
1194	8900
883	9099
4315	9522
5010	10776
3265	1164
3192	10420
3192	11070
1075	9483
1075	8409
1075	11832
1075	10577
1075	10741
1075	10734
1075	9139
1075	10346
1075	9525
1075	9392
1075	10344
1075	7046
1075	8706
1075	8711
1075	14466
1075	5124
1333	14458
1075	6090
1075	9147
1075	12801
1075	10011
1454	10606
3192	11360
719	9566
2309	14117
409	11095
1075	7181
251	7306
251	10532
1075	3721
1075	6098
4420	4040
1020	10993
139	11257
1629	10432
426	7923
1939	6286
1876	10818
2090	10594
4225	10480
992	9816
5032	14071
5032	14466
992	11884
4332	13389
3396	5728
885	9742
1766	7961
4277	11041
3765	13284
2098	5231
2168	1206
1241	10835
4152	10380
2951	6862
2951	8800
2997	11272
792	11782
2044	10428
2577	13327
281	10697
281	9930
3540	10885
5375	10818
5397	13485
5149	9306
1311	13302
3391	8221
13	10682
13	14179
4095	11074
3388	10141
2420	10987
4095	14111
1051	14514
1874	11030
1507	10346
1806	13107
794	10511
1382	10885
4528	9051
2739	8529
4086	10541
4086	4538
716	7479
5032	14500
426	3102
426	8009
426	11806
2592	9057
2592	2356
2592	2687
2592	4774
2221	10689
4715	11094
4930	6733
1496	10654
2615	7636
2615	7489
426	2327
4676	11042
3540	10818
778	14323
5388	6524
1716	12614
1716	9855
1688	9742
4276	1374
427	10885
2388	1535
3288	10885
2755	10489
114	14108
445	10522
3042	13989
4949	5495
986	10765
2544	5047
1574	9099
2544	9525
658	11113
1091	10835
1091	8710
1091	14325
2674	454
2674	8163
2674	1302
2674	2995
2674	7639
2674	7500
2674	8976
2674	8568
2674	8564
2942	11070
4997	10232
2066	8250
4510	10728
4478	5431
3757	10818
2883	9099
5226	10948
2274	13437
883	11216
5388	14245
3161	11265
3161	8470
3563	14138
3563	9665
3841	13843
2555	2344
4510	11086
3800	10604
3251	10975
3742	1343
3742	1939
3742	2838
5042	11716
2703	10787
3278	12252
948	10818
3098	10835
4525	5502
5402	4758
3681	10480
5180	11199
4052	9463
3656	10225
3656	10203
3656	14418
3656	14125
3656	12136
4589	10480
378	10608
5251	7115
5251	7498
5251	7517
5251	3091
829	9536
1963	13622
1902	450
2028	14179
2028	10935
2028	12675
2028	14116
2028	14125
2028	9911
3265	1039
583	10651
5318	10113
1936	14320
2746	11116
1902	668
2746	11067
962	6230
962	6922
2890	9742
4736	13759
4736	10433
4736	12234
4736	5320
4736	7117
832	14320
2608	7708
4334	11043
2522	9239
426	4618
719	14214
307	11092
307	8835
980	14210
1495	12294
1044	9947
2275	10416
1044	11744
679	12277
1837	10895
4062	11092
263	13295
1655	10929
2715	10646
2420	11825
1360	8711
3366	10881
3366	11194
5305	13107
2727	11260
2099	10262
4640	7627
5168	319
125	7018
5032	10335
2062	11371
2199	10885
3804	8705
1728	10885
1728	11795
2963	3488
2963	3817
2963	10734
2963	3215
4510	8372
2407	4658
2407	6438
2407	12433
3918	14087
2390	2571
307	10956
4225	11008
2617	9263
2440	11078
2796	1565
3217	9566
1605	185
4334	10868
831	11010
3637	13529
4031	10835
4031	7988
1301	11459
1319	5470
5399	12393
660	4029
1626	4222
4766	13290
1639	11008
155	10615
1639	14320
114	3537
3808	10567
3808	10749
1463	10675
1463	8689
709	11054
2844	12136
2844	11829
3570	11010
3570	9099
4926	7745
2326	8729
2326	2008
5073	11152
885	10496
885	13107
1716	10818
4675	9057
3649	7771
4432	13211
1728	8988
1728	9233
4688	11188
3820	9768
3820	2964
3820	8828
3820	10835
3820	11771
4586	11268
3704	13845
3704	14125
3704	11063
3704	8698
3704	11336
3704	14249
3704	14390
3704	12136
3704	9223
3704	8065
4863	10156
3831	7303
5380	921
5380	2073
5380	1118
5380	431
1200	6454
1200	14087
927	1301
5055	11101
4016	10818
656	8049
2051	9184
4195	10711
3262	4670
3324	14320
587	8941
655	9968
5415	11195
5415	6498
61	11291
4225	11529
4337	11255
5083	9331
3256	10974
4642	13444
1122	8478
3295	2077
4047	10835
409	7747
5305	10106
5258	11362
313	9764
5180	14317
4834	10835
734	12984
4474	11271
3869	2271
1936	11340
4199	9453
2523	9377
2301	10712
2012	11134
3189	10958
1382	11131
885	14089
3992	10799
3992	10850
4332	9604
4308	7311
4308	11317
4308	8617
4308	2217
4308	2317
4308	10418
4308	8850
2963	8750
2963	7158
1225	8711
3321	14407
3156	8378
2760	8222
3457	10797
3457	10480
4478	9127
4271	5910
1404	8539
3031	5944
5158	7128
4011	10010
1037	11255
1037	11422
5257	4989
5257	2682
2091	11328
5077	3037
458	14320
458	14527
4317	4524
5274	9099
2362	9337
1965	8584
1965	2670
1965	635
2293	12062
1469	14422
3603	10975
2926	10734
1805	13109
1353	7303
1353	10450
1460	11188
186	3030
3540	11188
4438	11672
4042	9408
4042	11927
2914	14320
4474	11237
409	10711
20	8484
4527	10757
4334	11045
1555	10858
1555	1283
1555	9254
3781	11046
3495	12155
1382	11473
45	11852
1044	11074
3342	5590
3342	7280
3342	8833
832	13795
3918	7273
427	10830
966	6725
3997	13584
3997	6105
3997	6503
3997	7516
3997	8165
3997	7253
3997	11808
3997	3761
2299	10835
2459	11030
4581	12675
3727	13038
3272	11590
3272	11526
3272	10683
2053	14489
2053	3518
2053	11452
2053	11798
2053	10344
2053	3527
2053	9462
2053	9127
2053	9216
2053	3491
2053	9688
3272	12032
3261	13632
3261	12606
5465	11445
5465	3837
5465	11768
5465	8801
5465	7280
5465	7609
5465	9555
2106	11046
4978	11473
2187	14328
4773	6673
196	11188
1682	12536
3210	11118
3278	11271
1075	6503
1279	13554
1075	2620
1075	2561
1075	2562
980	10830
1075	5562
1075	441
1075	1443
1075	1435
1075	753
1075	1007
1075	1561
1075	8729
2883	14301
2403	13846
3724	13107
1057	9175
1057	10829
1057	10835
1057	10317
1057	10344
1057	7489
1057	14312
1057	2758
1057	4031
1057	5368
1057	10187
1057	9433
1234	11148
3827	11010
1075	9377
4834	11473
4760	2882
1772	4194
4270	9174
2054	7902
1043	10167
1075	5361
1075	7333
1316	3932
1316	6939
1316	7242
516	10835
1075	11354
1075	7387
2509	2730
1075	6193
811	13749
3414	10881
2968	13437
2044	12686
3781	13290
1319	10749
3300	11360
3300	4650
294	9804
3415	14320
4461	13212
391	9099
1901	10692
1075	9127
1075	4943
3808	11310
1266	9447
4768	7566
4467	10190
4467	8579
1075	9464
2189	9099
2189	7303
5010	13317
2622	11046
2622	10487
3362	6159
4085	8827
2099	11195
393	10106
4085	3685
4058	8051
5263	11473
5106	13211
4609	10734
1469	8282
4609	9958
2362	9533
4762	13768
4762	10956
419	7669
1168	6261
4456	10201
3266	10885
4795	11752
1384	12614
2749	10115
4379	4673
4379	9355
4379	9258
725	9463
2245	9581
640	10830
4349	11008
5462	10667
5461	10667
3355	9642
4564	11337
3342	7651
3342	13510
3342	7263
3342	7625
3342	6300
2981	2673
2610	5500
3350	11052
1618	7966
1474	8314
5274	14320
1893	11174
1936	13399
703	9725
703	6002
4191	9017
3873	11473
3353	10856
5010	11526
5240	11594
1647	11779
1337	9742
4030	9138
4561	8145
122	10835
2381	1032
2381	1655
2381	13990
2381	12227
2381	5140
1464	10830
1163	9804
2470	10614
3092	14301
4665	10651
2470	9127
655	8448
4058	8711
4589	11322
2377	9331
3366	11044
1682	11683
385	10762
892	12025
4532	11101
4764	11087
4064	9239
3540	10404
3540	9856
3998	10986
4835	12136
2253	9599
1716	11188
3387	14320
832	12686
4589	11072
4863	10386
5442	14301
5257	2011
1781	14527
5464	4709
5403	11204
5018	8718
1709	10005
3902	14618
3902	7516
4960	10201
388	11089
3845	11205
4343	9099
3791	8306
3772	633
3772	1301
3772	4477
3772	7489
2577	14458
4289	10484
3772	1473
3772	1292
3772	1535
3772	2017
3772	14325
825	10404
5003	11452
4804	10989
2278	11217
1914	9855
3992	10869
4962	10979
5274	11337
5166	1974
1842	4092
3871	10830
860	9659
2388	8009
3316	1222
3316	172
5375	7314
5437	10655
1333	10652
1333	10867
743	7162
980	10956
2809	10890
4469	8536
183	10522
3065	13018
4434	4101
4434	9300
5038	11774
651	10709
2650	10420
452	8317
4830	478
1026	10833
4830	2281
2304	14232
2755	11036
2954	12136
3861	7550
4764	11340
4905	11180
813	3412
553	1904
5333	10818
1599	11249
1361	13211
5333	11113
5103	9592
186	7840
1106	4370
1106	10835
1892	3680
1892	6185
1892	2582
1892	6922
5368	8453
4174	11144
2959	10404
2959	11157
2959	10502
2959	1522
2959	2018
2959	4671
2959	3044
2959	3309
2959	11795
2959	10169
2959	9803
2959	7387
2959	10706
2959	10835
4773	10404
2959	8729
5010	12536
2959	9148
1135	9534
3216	11216
3216	11531
3216	4433
2459	10736
3566	13926
3804	11473
1338	5106
2514	8943
2362	9384
1735	9906
1423	10686
4586	10425
3473	13107
3098	10818
3409	13491
4151	5577
3816	10374
3816	11586
3345	9932
926	14251
1837	11132
1790	10571
1079	11204
703	9387
4174	10322
557	11473
4174	8882
4174	8166
3114	10687
1854	4448
3827	11195
1561	11539
5008	14210
2044	14494
772	9099
1561	12902
5408	10706
5070	10711
2969	11566
4930	7952
5350	11204
116	10796
2594	11812
2534	10404
4155	10796
4665	10867
4220	14466
1480	7330
4758	11320
1918	12037
751	4577
3747	13891
2775	10844
5399	10237
5399	9990
1590	8833
1590	5106
1590	10013
3001	9099
5308	9930
5308	11354
5308	11332
5308	10711
4368	3351
4368	1895
656	11217
34	11473
4665	11107
1791	11332
2253	9175
4573	6518
717	10818
186	1347
3090	13301
1459	13331
425	10404
1625	11480
1625	4658
1625	14168
1625	6183
1625	987
1625	1973
1625	1578
1625	9578
1625	9739
1625	1611
1625	1612
1625	1102
1625	1003
4799	10733
2914	13437
3001	7287
4155	8372
2427	11131
1689	11332
1689	2275
1689	7670
83	10233
4640	2413
1894	10974
3104	8735
1205	9161
4973	3241
750	10571
4973	9455
1950	9462
1950	3037
1950	3039
1950	4524
1950	138
1950	975
1950	341
1950	704
1950	756
1950	1151
4225	11393
156	9228
156	8267
572	13410
1918	10476
4661	13437
3001	10687
951	3542
718	1066
3562	7950
3050	11457
417	10854
5077	9099
1267	12934
3895	14105
3895	11008
3970	13926
5010	11683
5340	11271
1532	13392
463	11095
1592	11478
3055	12039
659	10711
2068	8080
3763	1998
1936	14317
1469	10772
832	14492
1469	10935
1936	10106
5275	11332
772	11337
3414	12286
1948	2946
5295	6176
2385	6713
4723	3527
4723	10991
1404	14210
640	2274
5378	530
5378	7766
3484	10420
766	10124
766	13449
2029	11320
1074	10287
4758	11257
685	14458
5418	10936
454	9872
454	11929
5103	11197
454	9260
4765	11275
195	585
4581	11078
366	4248
3552	10404
2981	11332
2981	8166
4586	11263
4340	2696
4085	10344
3215	10813
4473	10420
1936	11078
5041	10844
5041	6472
3540	9099
387	10706
387	10567
4549	10711
4549	1228
5415	10830
5415	11473
5415	11076
5415	11773
5415	11422
4644	6994
4137	11255
458	11237
37	10814
2968	11845
2814	7794
2814	6989
2814	1845
2814	9830
2814	8601
2814	6770
2814	7243
2882	1510
2882	911
2882	1782
2882	1621
2882	2067
2882	508
4820	11118
3283	1420
3283	2031
2610	8556
2968	11228
2044	11284
992	9410
5263	11076
1724	4995
3697	8372
894	11063
114	6004
2670	10483
1024	3743
1936	11142
1936	11071
5045	9775
4272	10830
4272	10404
2160	11705
3350	10420
668	1709
4960	13107
4944	11018
4155	13460
1410	4121
186	8777
4304	10689
458	12686
2547	12136
452	8166
3087	14495
3087	334
4834	9894
3087	194
3087	275
3087	14395
3087	10711
3087	10646
3087	5467
4233	11260
4955	10147
4955	11829
4955	11046
1436	10047
2362	12016
4939	10885
4581	11340
2135	9674
4196	11845
829	9099
2794	11101
668	322
4640	9453
5180	11845
409	10898
5415	2082
5415	10687
3207	3778
1851	11096
292	14116
5032	595
1585	13801
930	12614
1936	12259
4420	7921
4505	7039
1233	11845
2710	3525
2710	3562
2710	7575
2040	9642
2221	12536
4916	10991
4916	11496
4916	13191
4804	10121
4804	11811
4804	10956
4546	11272
4804	5243
4804	9426
4804	12172
4804	11212
2110	756
2110	1413
2110	1126
2110	1031
2110	958
452	11094
1965	1398
1965	1978
1805	9099
5404	10632
5404	11395
5404	9742
26	8707
5404	10106
5404	13107
1595	11378
4423	14563
3997	9058
5111	4689
845	10833
4420	9306
3414	11342
4420	5792
4420	10404
4420	10885
1383	11479
1705	10047
4985	10412
2012	13749
1781	14116
3903	11131
3903	11118
772	11340
3235	10981
781	11132
4449	3348
1592	10416
4957	13609
4233	1082
2373	6633
2373	10835
739	10026
309	14513
4349	14492
4284	9240
458	13437
942	14449
4383	7092
4383	6456
3545	10318
3545	1851
339	966
673	9836
2659	9606
5298	11284
3576	11255
4986	8388
456	11114
2362	10226
4420	9283
2712	7030
4764	14527
2544	11332
4047	11187
4047	10749
4888	10818
340	11927
5323	1673
463	9621
1936	11712
612	11089
2832	8526
2832	9127
4478	2206
2650	10902
3765	14332
3765	6456
3765	12762
3765	6404
3921	6315
2510	9522
2510	14087
3691	12016
5008	11360
3085	10868
3415	12259
3907	10317
3907	11473
3836	9861
3716	10462
3836	9904
2772	7961
2051	8795
4023	1794
294	10950
487	10510
487	11965
4107	7991
4284	10711
3735	10622
3735	9099
3735	7495
1815	14405
1815	4758
1815	9855
2062	12047
4520	9058
4144	11765
4131	7313
3173	3840
1532	12531
1532	2794
1592	8290
5398	9478
4155	12686
4506	14485
4692	10835
2980	11795
3337	10477
1595	11379
926	10270
3341	10484
5193	10728
2275	13402
5258	9561
3283	11011
1605	825
5225	1411
5415	7303
5415	7128
5415	8771
5415	9501
2574	12136
5415	13191
2574	10375
2574	8865
2574	12393
5415	12197
3092	14494
3092	10226
1806	11340
3578	13497
4085	4524
3916	11336
3916	8698
3916	8735
1936	10483
4612	14305
4612	7611
2914	14494
2914	10226
1282	617
4177	6854
3767	8706
3767	7535
3767	8615
3921	10993
5418	11228
2416	9653
1129	812
1129	9958
1129	6805
1129	2383
1129	6835
2403	11042
2553	11765
3400	13963
5073	14619
2099	11190
2925	13109
4635	5111
3892	2673
1720	9991
1417	10796
3540	9478
1417	11566
2272	4600
4263	10975
452	6456
1854	2773
3636	10818
3401	13327
5374	10404
1342	430
452	7102
3155	64
3155	6761
3155	9470
3155	5314
2425	11452
2425	10829
3979	3911
2099	1579
781	11438
458	10796
5045	4538
5045	9857
5045	14179
1918	7829
1319	6159
2129	10876
686	11945
1789	13973
4037	11101
4037	8085
3349	12832
3349	6977
3349	14432
1553	9785
4191	2649
3185	2632
2129	14429
1840	7234
4488	8215
5303	2366
5303	12627
5303	8721
5303	9778
1748	5573
4360	9717
2790	10975
2058	10990
4360	11362
2058	10183
2058	10817
2790	12039
5103	11224
2443	10796
4461	10791
2297	11997
2510	11367
329	10404
5013	9690
3497	10653
4157	10674
2954	12101
2058	7303
5305	11340
4685	4722
4685	4830
4685	11354
3866	2667
3866	6092
3866	2402
1106	6587
1310	7534
1310	12501
671	13109
2538	1977
4960	14435
5373	11152
3897	11204
1927	10605
1927	10576
1639	10796
4438	11174
4438	10193
1381	10678
712	10813
2388	7320
3847	13107
2388	4978
3387	11291
5308	10835
5308	8830
5308	7303
5308	9804
5089	1091
5103	11320
2388	2995
1574	9652
5387	10818
4144	2938
1625	10830
2312	11255
5007	10840
1689	11504
2245	9308
2187	11074
3953	11180
4239	11814
3827	10815
3827	7333
4320	10504
2809	11258
5071	7606
1777	11795
3362	7306
1618	8502
1993	6941
384	12990
1927	7560
1927	10793
3425	9425
3425	14325
685	5858
2358	7404
1106	11767
3567	10829
3846	9868
803	10183
2163	11782
3505	11134
1562	5235
2044	11845
4098	6261
3235	9088
1257	9742
4012	14325
4012	7090
4012	8288
5079	11258
2373	3353
2373	5460
1858	11889
3866	7204
4710	10404
592	7947
592	13583
592	13211
2827	13603
4638	13529
1168	11268
4640	9479
3552	986
3552	2051
3552	577
3552	5403
3552	7019
825	9250
5137	5379
1404	11526
3516	11296
2544	9099
2510	9554
2481	10868
2481	14527
1532	1287
1532	10698
3120	12980
5240	8690
1939	4503
1939	8556
4155	11712
2043	7444
1436	11340
2760	1647
4516	13108
4012	6474
5084	6692
4397	13618
4397	13365
300	3799
300	2198
300	6007
300	9654
300	5632
300	3309
300	653
300	4065
300	1923
300	3383
4795	9447
4795	11273
1044	13491
2794	13013
4144	11450
1044	11097
1044	11322
1639	11393
1044	11889
248	13399
3420	10484
3255	11186
3809	12789
3809	12415
3809	14360
37	10734
37	7325
5428	9099
2968	12136
2028	10800
2028	10971
2028	10199
2028	8465
2028	11047
3928	9827
3928	11216
1436	12259
1936	11052
3427	7961
3507	8801
3507	9676
1294	11018
1294	10404
1294	11053
5018	9906
4021	7090
3144	5545
3144	9175
3144	8144
3144	1913
3144	8009
3085	11291
3085	11052
255	9244
4194	1598
939	10802
3085	14527
4153	9377
4194	424
155	13189
4194	2041
4194	1714
4194	1664
4194	1582
4194	1603
1716	9099
4194	2036
2336	13625
2968	14527
5103	11081
2200	11316
3276	10404
1716	11217
3398	454
2226	1271
2226	1098
2226	9736
2226	6631
2226	530
2226	4905
2226	3211
2226	3517
655	14107
1436	10106
2882	6851
1043	13583
1574	10711
3516	10772
5428	5045
5428	6094
4863	10898
1736	5314
4638	4783
4219	11925
1716	9478
3637	9376
3637	10711
3553	12902
2451	1123
2451	5792
2451	859
4828	9447
3278	11237
3278	11756
1716	10404
1716	11085
3596	11340
2542	8771
5018	10956
446	11340
592	10531
592	11965
592	9522
592	14484
592	11346
592	6691
592	6164
5107	7865
1376	4758
928	11831
4134	14351
4134	13939
3024	14567
1883	13802
4773	7493
495	9828
5352	1720
5034	13038
4340	14325
3970	10737
3111	12833
1894	11205
1716	10848
3418	10527
1797	7098
5328	10527
227	8539
829	10785
5328	4539
4161	10230
192	11756
4960	10963
2794	9575
2794	9361
798	9395
321	10577
4937	10813
1398	7517
2412	12800
2760	11024
2788	13632
232	10404
3970	10677
3524	11526
1574	9244
4530	9478
3866	10941
2656	10267
2635	10776
1592	14083
3474	10989
3474	5243
758	8819
758	11831
1112	1685
1319	13478
2226	6320
2226	586
2226	1763
2226	1732
2226	2149
3601	6320
3601	6327
3414	7890
3414	3491
792	11195
5010	11271
1776	11428
5250	5089
5250	11345
5250	10762
5250	10577
3842	7904
3842	3129
3842	9331
3842	9093
3842	10464
1513	11434
3861	6133
1409	8757
1409	14325
1409	9930
1294	11528
1294	3898
3155	5220
3155	5683
3155	8706
3155	3499
3155	1643
3155	2166
3155	1763
3155	3159
3155	8269
3155	3202
3155	4552
1166	12074
3976	11316
809	13018
809	11473
5388	4766
1592	8592
5388	14522
5388	14087
861	10687
5032	11340
3072	9244
3072	9453
551	9004
551	11277
551	4840
2889	13364
2889	7769
4773	7303
2696	11756
263	7890
2447	13503
870	624
870	10956
548	10404
5130	9785
1689	2803
2028	11320
1851	10313
1851	9316
870	7432
4520	12902
4520	9356
460	9674
3540	12747
3540	10943
4763	10404
4763	10709
405	10826
405	11087
405	10979
3191	8976
487	2803
487	6516
1852	8269
72	9426
72	1541
72	937
58	11251
348	12136
3219	14349
1508	14349
1508	8804
1508	6447
1508	8942
1508	10941
1508	11782
1508	8723
1508	10682
4573	372
1967	11379
2035	8065
2554	12857
1785	10963
2675	9058
3717	11258
4565	9822
884	11258
2236	1377
1562	6002
4432	11590
1987	11180
3169	11281
3169	9512
3216	5361
1502	11085
1474	9652
2828	8103
2388	3040
4317	8773
4510	11274
1375	10989
1893	14323
4137	8718
3355	4272
3593	11839
2129	10956
3001	10818
2106	10487
4095	10936
2767	7794
4095	11340
3751	11217
2468	14422
2983	11473
460	10711
5053	4932
4564	13728
3751	9099
2454	14273
5257	9478
429	11340
3147	11782
1166	10661
2333	7835
2333	7823
2333	13707
2663	11340
2333	9785
2968	11374
3970	9880
1716	8097
2336	14418
4450	11340
4828	10973
4828	9652
452	2429
5415	10522
5415	956
2226	5153
2226	1913
2226	1055
2226	9707
2812	4538
2226	6659
2226	1438
2226	535
926	10705
5251	10149
926	11251
926	14321
926	14168
926	14324
2483	10898
4795	11204
4795	9783
405	10651
4317	8487
2768	10829
2768	3186
2768	3900
2768	1605
5111	8663
5111	6395
5242	9288
2636	11177
3296	12136
4095	10615
4467	10822
4467	8804
611	9074
3393	1561
3393	508
3393	2206
3393	893
3393	8022
4697	163
4043	10404
463	6835
2968	14083
4825	10088
4825	9493
4825	7692
4825	13792
5386	10995
3512	13885
1308	6112
572	9995
4958	14240
2255	11944
3709	8282
2914	11360
4263	13973
2980	13603
398	1160
398	1050
4929	3155
2610	10734
2610	10829
2740	11029
2740	10523
2740	2804
2740	7481
3727	11271
2861	14351
2861	14024
2796	10853
2861	14025
4426	13301
1639	11211
3553	5340
3553	14252
4343	13290
5077	1409
3026	13504
2700	417
233	9632
4387	12585
1469	14116
1469	12136
3272	11042
5408	8215
2221	10831
2290	10822
3272	13868
1877	1707
302	97
766	2899
766	14505
766	8166
3130	829
3130	1171
3130	12136
4930	5663
2057	10193
2809	11201
2481	11393
2859	5329
3025	10741
4804	9995
2859	12457
2800	10315
2859	9827
2859	3491
2859	4538
2258	11782
2258	11092
2258	11053
2258	10322
2258	7018
2258	12460
2258	8718
2258	8710
2258	9127
3261	10855
2258	11015
1410	10929
1410	12322
254	12686
4723	9173
3629	11063
761	10368
761	14429
761	7387
761	10029
761	9127
761	5570
761	1633
761	7521
761	8469
761	8298
2481	11211
447	14320
4695	13437
1196	10822
1283	11063
4052	11152
485	13823
560	6475
560	3271
560	10849
560	8729
560	8721
3549	2524
2300	6833
1410	11320
4161	11340
76	8708
3553	9584
1375	12208
4964	557
1936	11889
1866	13798
1716	3061
1384	11343
1384	10449
5363	7122
5363	6141
4633	11782
2892	8517
3607	11259
3607	11092
4633	7138
4633	4932
4633	11290
3664	9391
3664	7079
3664	6067
3664	13652
1896	13500
1896	10695
1896	10178
536	11213
536	9784
2098	10885
2098	11422
2098	7030
4549	7980
4012	6420
4012	10881
5218	11362
5368	11459
3656	10920
3656	10150
1508	12257
2336	9879
3358	10781
5422	8166
5422	454
1742	7575
1742	10898
824	6268
4960	10964
4461	13108
2510	13266
1279	11033
3578	11393
2178	11272
2970	8459
2970	9393
830	8833
830	3554
1428	14139
341	10669
5289	12675
5289	9674
292	12136
83	10935
1258	655
421	14458
421	7556
1599	5096
4765	11279
1967	11504
458	11845
2859	7760
3061	8053
5230	10991
5230	8297
5230	10849
5230	7933
1043	9457
2968	12561
694	11320
4652	10989
430	5380
3387	11360
68	11332
3432	12371
3092	11590
545	11473
545	10818
3603	11473
980	14527
980	10796
390	13191
3490	8264
220	10571
5263	2322
1431	11005
1161	14328
2058	653
2058	11428
2058	10818
3270	11234
2451	1809
4478	7179
3517	11340
1279	11176
1279	11328
3216	7760
51	8361
501	12136
1399	5820
3673	9224
1510	10999
1431	13845
1098	11839
83	12975
4444	9478
83	10533
1428	10709
4964	10549
921	14247
911	11038
3570	9463
1520	10053
4095	10010
3147	9419
1531	13389
5071	5660
819	11198
4467	12611
2269	1306
2269	6162
2269	8754
819	9788
36	13861
2794	10911
3396	4124
3267	9810
5172	12017
4600	11630
1282	253
4291	836
5106	11474
3531	9099
3531	8045
519	13634
4157	10557
5263	9189
1308	12259
885	13795
4261	9331
1965	10436
3617	10138
2451	8457
5215	11001
3586	9119
625	8869
2232	6682
2232	10292
2232	10464
1436	14473
2002	11717
613	10173
3740	11393
3512	12217
195	3850
3238	13389
4769	3095
1928	10762
1835	11829
1835	11389
3177	10319
3120	7814
1592	9911
2998	12136
2998	11457
2650	11389
2998	9985
2998	10666
2998	9223
4286	11210
3132	11320
1742	10966
421	13027
3003	8868
1963	13240
2015	14285
261	13646
5250	4215
5250	10314
5250	3824
5250	10464
5250	12609
5250	11903
5250	6366
5250	4258
5250	6471
5250	8523
5250	9699
5250	9283
5250	13109
5250	2539
5250	11449
5250	2730
5250	4652
5250	8667
5250	5689
5250	1981
5250	9028
5250	5862
4356	10175
917	7826
660	9785
3953	5111
2800	4654
2800	10650
5106	14322
3495	9696
5186	10946
5186	11782
5186	6004
5186	4386
5186	9244
3401	14105
1910	8036
1910	7812
1910	5728
1910	2890
1910	6185
1910	14506
1910	2232
1910	3281
1910	3043
1910	2344
1910	3894
1910	816
1910	5206
1910	5754
4401	10746
1688	13303
2483	8473
5337	10010
1512	8166
2061	10815
2061	10991
2061	4151
2061	5106
2061	14312
1594	9136
1454	10815
1454	10956
1454	14312
1454	8705
1454	10991
1454	5106
1454	4151
792	10818
4758	11493
5413	1821
2990	13107
5479	10818
5479	5944
5018	10829
1735	11189
4642	12101
4642	2698
4642	11320
4642	12136
3970	10313
3970	10703
4448	7636
4448	543
277	10418
813	11242
813	11332
2336	9818
2600	14234
1142	2239
3462	11427
2493	1905
5277	3491
5277	9037
4951	7157
2990	5033
1914	4080
2990	4522
4408	11389
3119	12136
3119	10956
3119	13444
5018	10835
2832	10815
2832	8708
2832	10991
2832	14312
2832	5106
2832	4151
1649	8841
1450	12136
1614	11014
1614	4658
1614	11343
3739	11206
2413	14231
4863	9495
1399	8181
2844	9240
5226	11389
2844	14497
2844	10809
2844	11204
2844	10711
439	10536
3025	12039
3025	10829
3944	9099
5339	13646
3158	13440
3658	6434
2389	11160
2389	3518
3462	11161
3462	12136
2990	8325
2990	11497
5032	14285
3206	4409
3206	9
3630	9462
229	14301
4212	11936
660	12148
3388	8693
4517	10404
4517	5391
4517	7049
4517	10885
4517	10687
4517	9571
4761	10395
1450	14312
1450	10956
1450	8719
1450	10991
1450	9462
1450	10322
1450	8708
1450	8718
1450	10815
1450	5106
1450	9127
3921	5607
2514	13018
3928	8718
3928	14325
4581	14083
1936	11578
4252	10826
3466	14089
3460	8094
4177	7890
2706	11360
2226	8642
4955	10485
1541	11199
696	11488
1567	11121
3685	8804
572	9904
4115	6228
4867	10404
364	13409
3412	10513
513	13631
513	11385
364	11225
364	6591
75	10325
3724	12017
577	10324
3892	1303
1967	10381
3724	13770
1431	10989
2187	12286
2824	9436
2051	11309
3137	14171
3681	14285
2232	2391
2232	10687
2232	9004
2232	14405
2232	9754
2232	11273
5420	10975
2232	11473
2232	7387
2232	9462
2232	7306
2232	9526
2232	9377
2232	6586
2232	3685
2232	7175
2232	7303
2232	9538
2803	8081
3192	11845
1837	11981
4356	11258
175	9216
3192	11756
175	5518
175	1744
175	847
175	1073
175	588
175	8030
175	1217
175	590
175	1506
2803	12294
2391	13013
2391	7327
2743	7298
3090	9125
4104	10975
3883	9237
3866	6586
2683	2948
3066	10687
4583	11018
4631	11165
4163	7907
4163	7516
4163	6691
2211	8747
2211	3971
1806	11419
2242	6982
2242	7312
2232	5376
2232	10903
2232	8584
2232	9464
2232	7192
4052	12294
1294	3964
1294	7574
4949	12021
819	8190
2377	9944
2377	3537
2412	13211
1431	9322
4420	11018
605	11296
4408	11319
605	14116
605	14418
605	8896
5425	11800
5425	10956
810	7961
3636	3650
4642	11296
5439	7606
3866	4564
966	8310
5103	13127
270	7070
1797	11061
4888	11305
4467	1766
4467	8009
4467	8511
3839	10713
362	12536
3757	7173
5070	9492
4057	11336
514	9285
3481	4697
3481	10710
1626	10687
1626	11220
815	6987
3525	8164
80	10404
2859	9123
80	11176
3884	10835
1776	11687
3342	9742
3342	11499
3886	7961
1247	11431
2661	6460
3538	12196
4196	14322
4925	8549
4925	9058
1422	10619
362	10481
3633	4524
5426	9816
3652	10332
5397	5487
3855	14341
5337	11524
4367	10412
4841	9285
4841	8429
2006	10956
2914	11228
4396	11010
4396	2990
4396	3615
4396	10849
942	3435
4964	11340
3888	10444
3888	3527
4163	10885
4163	11183
1834	6735
1834	8166
2755	13728
2618	11175
249	13581
2481	10915
3540	10887
4317	9833
5106	14528
1333	14519
3970	13757
3114	10456
5315	11297
5315	13038
1231	14164
4960	14322
1231	10989
4962	11175
4564	11526
4727	13211
813	11243
813	10753
5415	9175
5415	11534
1405	11566
1639	10698
4131	9478
1161	13989
1639	8401
276	5500
276	9833
276	8705
5155	3766
5106	11419
4474	14285
1283	9216
1356	11930
1356	12136
2647	11317
21	1183
21	1224
21	1266
5482	14412
5337	14297
2577	8372
3092	11389
62	8010
2248	7312
1689	12378
980	14285
2199	2226
4334	1905
2494	9739
2494	4081
2494	14325
2494	9233
2494	9202
2494	3562
2635	11087
2494	8623
2494	8219
2494	7387
2494	5384
2494	8721
2573	8099
2573	5045
2573	5749
2573	8445
2494	10364
2573	1763
2494	11813
2494	6176
2494	4381
2494	9216
4747	3155
2494	11473
2494	8701
2573	8231
1175	14332
5283	2500
5283	1373
5283	11782
5283	8521
5283	8649
5283	8830
5283	11152
2494	10013
5122	10584
2494	9463
2494	9462
1515	3411
2494	7280
2494	3441
2494	9464
2494	8833
2494	7283
2494	9578
2494	7921
2494	5184
2494	5187
2645	6588
2635	11175
345	5188
3717	11360
3921	11176
41	8094
369	5191
4597	8398
4754	5488
864	4044
864	10956
864	11049
864	11327
435	10711
3261	11034
3087	1115
3087	10613
5180	11547
2004	9652
5246	14412
2882	1469
3179	11273
5032	11119
4575	11495
3288	11170
1642	10326
1642	10273
1337	11374
3413	10711
93	5299
2626	10656
2626	3837
772	11474
2435	11291
3206	7320
2240	11143
1429	11269
5386	11316
2902	13770
41	10702
2020	7288
1674	12136
1674	9223
1674	9224
4589	11383
3707	6095
3707	5045
395	14359
4137	13798
4095	14083
2058	999
4649	10818
5460	6637
5460	9855
5460	9215
5460	11305
5460	1762
5460	2430
5460	4079
3540	10753
5460	3309
4012	14089
5460	13039
5460	8601
5460	5183
5460	6903
5460	9464
5460	7166
5460	3033
5460	5481
3590	10383
5460	3799
5460	3037
5460	8708
5460	1971
5460	4288
5460	4043
5460	3160
5460	2387
5460	7764
5460	1946
5460	8022
5218	821
3866	4538
5421	13440
5365	10264
1294	11249
912	11218
2821	9629
1311	9674
1337	12561
3847	14138
968	4934
590	10532
4583	13038
4792	10908
2390	268
4792	2916
4599	4956
5220	10404
3965	7157
522	14083
930	11242
4894	10710
1776	12627
1776	10437
3066	9099
178	10378
530	12101
530	11257
2200	11547
3781	11547
917	11076
5397	11271
3476	13990
1383	11118
3476	7516
1383	13939
3476	11988
3613	1133
3613	8215
3613	473
3613	7816
3613	958
3613	14325
1281	981
1281	6481
1281	5623
93	11290
1281	1766
1281	831
1281	5412
1281	2264
1281	6018
1281	4528
4960	11590
4605	9181
1281	1170
1281	761
1281	292
1281	780
1281	1472
1281	219
4416	9099
4712	5470
3083	12039
4131	9099
3590	8108
3878	11535
2131	11210
772	11590
3151	7437
3151	7318
3151	9215
3151	13965
178	10737
178	12171
5038	13191
3540	10947
613	12627
613	5460
3584	10940
227	10713
227	13845
82	14312
82	10956
82	10815
82	10991
82	5106
2627	10711
2627	1301
2410	1347
4420	5728
1124	11271
5018	6500
1892	4195
1892	2399
4495	11010
437	11574
3348	13365
1168	11868
4726	8312
4726	7762
4239	11416
693	1905
1585	13361
422	10309
2186	10884
3664	14214
4323	11677
4718	13437
3772	7824
3772	8708
3366	12017
1819	10521
4409	14116
2737	9835
359	11374
3114	7320
218	11598
186	6347
5379	9857
5379	14116
3589	10291
3589	14488
3589	10446
422	8388
3589	11204
4047	10693
2982	2411
2755	12017
3906	9325
3906	9328
3399	13191
3399	8574
706	10912
706	10638
815	12300
815	6105
4758	8953
2671	14210
2274	14301
81	11317
4965	9665
2614	10815
322	9478
4430	11145
568	9461
1352	14489
4062	11403
4062	6432
4062	11047
4062	12322
4062	11320
4062	14418
4062	10608
4062	10772
4062	14116
2477	14161
3895	14301
3859	9844
3113	11258
3771	11340
540	12373
5298	12686
1592	11296
3685	10849
3739	10991
3739	10887
3739	11834
3739	10818
3739	14116
3739	3523
3739	9057
3739	8720
3739	12136
76	4446
3367	11183
1884	11175
5172	11220
4589	12017
5460	943
356	13191
1137	9373
2500	11486
1917	13868
3353	10960
3353	10485
2275	9826
3662	14437
5038	11765
2349	6004
4516	11703
389	10989
389	3723
2373	5066
146	2643
2373	10571
1766	4033
2864	11782
1510	11903
2864	8893
5337	14032
3353	10483
5472	5410
4964	2859
4964	10466
1903	10074
1903	12623
4221	11795
1854	10965
4221	10835
4221	10344
4221	9650
4221	9672
4221	9525
3420	10975
4596	6249
419	11310
3540	11577
3540	11035
595	4342
1785	12017
4161	11474
2652	13211
227	11419
4478	4181
2585	10404
3578	11165
2980	13327
174	10975
1949	12161
12	10453
427	11035
1722	3562
2182	11298
2130	9849
5073	10404
2864	9457
3216	10773
4896	5586
4896	5206
3612	10542
4144	11294
4144	13510
2182	11201
1785	11228
1785	11524
1907	10649
942	14107
4450	11782
3446	11035
3681	11035
3788	7345
4225	11703
5186	10711
287	11035
2333	5918
2333	8628
2333	454
2333	8163
2307	9655
2333	5922
2333	9472
2333	2430
2333	2391
3771	13155
2333	1678
5480	10957
550	13795
550	11495
3994	14143
1674	13075
3994	14083
3994	10796
4218	5730
105	11335
4367	12189
3631	5002
3631	9855
1337	1905
4398	10161
4398	8938
346	12136
962	9099
1388	11035
4450	11236
3957	9845
3957	11924
3957	11643
5203	14116
12	10181
2672	14325
3553	11035
3623	11627
3156	4015
405	13770
946	14415
215	11260
4773	11195
5363	198
3724	11566
1487	11520
2182	11228
5052	11228
3780	12136
3780	9857
5052	12032
1436	11418
3589	11078
3589	8757
3589	11539
215	10956
2328	10991
2864	11488
2864	12016
2864	11526
2864	11566
4834	1924
4522	10047
4522	10678
4522	10745
4522	10975
2324	10404
2324	11035
2324	3984
3068	9652
1526	11334
1526	10975
1526	8710
1526	4188
1526	10773
1526	4538
3847	11118
1936	11685
2522	9181
2522	2668
2522	2666
215	10693
2681	7627
1876	11035
1157	11566
1297	14285
362	12322
5305	11577
5363	201
2779	11404
5299	11360
5299	13437
2603	11228
2224	6795
2224	2375
2224	1380
1862	9571
4564	14293
389	10539
5299	14527
4155	11072
4155	11419
4155	11236
4841	3650
4841	6586
4177	14323
4841	2476
4676	14210
4676	11360
4676	13437
4676	12032
4676	11191
1812	13437
1812	11012
1812	11360
4	3886
3563	14110
2270	10100
2403	7521
4960	11526
3825	11360
1647	11170
5325	5180
1552	6447
1294	12371
2136	10685
3192	14322
1279	11347
4284	9244
4137	10975
5363	630
1266	10887
1961	11547
1173	11478
1594	8788
4664	9654
4664	7018
2206	12136
215	11035
5447	11577
4528	6477
4478	2721
114	12500
2206	11834
5010	11393
5387	7760
5038	11035
4867	11035
3660	3524
3751	9478
452	9449
2916	10052
4168	8291
4168	8347
4148	13454
1246	11217
1776	9510
1757	11547
4879	11390
4879	10101
1757	12459
2864	11547
5297	9286
836	12123
1057	10735
1057	11120
1057	11082
5018	10970
2909	11277
2909	11229
2483	7128
1776	2026
359	11258
5434	10711
3147	5636
739	9492
3387	12017
5415	9462
5415	3441
2864	11512
2334	11035
4952	8468
5294	11598
5294	9883
5294	11092
5294	9904
4707	10535
1776	8003
5104	10831
2091	10597
1742	11544
1742	5835
5257	6742
5257	6690
4640	12614
5018	6994
4221	11035
1907	11643
2909	9841
2909	10198
2909	10563
1678	12017
951	10818
177	11524
4444	8605
5363	2519
5363	4136
5363	472
3297	11547
1716	11577
4303	14087
2577	14105
2577	13437
572	9531
3042	2632
3042	11717
4196	11360
1678	12123
4167	8835
1671	3289
1671	5061
1671	10349
805	1154
805	1944
174	12902
805	8670
805	8022
805	10775
3664	10779
5363	1474
5363	6613
5363	11130
1961	11653
1961	11575
1961	11574
1961	11612
1321	8968
5465	8291
412	11035
5465	8094
3773	9426
3773	9703
3773	9155
3773	2391
3773	8099
3773	8231
1973	11272
2040	2205
3411	14458
4964	9754
3566	8605
3559	10806
3559	9910
3201	5744
3414	4208
3414	11783
3690	8282
3690	12136
1919	13454
2011	2444
3590	11984
2388	7887
3308	13990
4450	8605
2199	400
3283	9880
3283	2698
2106	11045
2500	11653
1384	11659
3878	11611
3773	8996
3847	11131
1639	11547
508	14116
4879	11112
4879	12460
1436	11405
5379	14125
1678	11250
1678	7966
4425	11332
1590	11013
1590	12597
1590	12040
1590	13402
1590	9142
1590	14405
302	1257
5402	11035
1045	7890
1045	6159
3285	11095
1337	11175
4506	12032
2187	13845
3285	11251
3285	10991
3285	10956
5450	13211
5450	14036
3285	11212
5450	14430
1835	14527
3285	11387
3285	11006
3285	10595
3285	14312
3773	9609
2017	14365
1246	14116
3773	14162
3773	2492
4702	11035
3922	11237
155	11418
5450	7035
2388	9703
5450	9652
5450	11212
1730	7441
4021	489
4589	11520
5257	909
3190	2666
3190	6882
1877	11035
3001	8605
2698	9373
2698	11891
4077	1725
529	11612
2500	11136
2206	12561
1837	13454
831	8605
3482	11404
2206	9223
359	11603
1085	10658
1085	11063
515	14293
515	12032
3953	14516
515	13440
2603	10427
2066	11428
2410	1606
1998	5535
3353	13728
5172	13770
3468	6024
1115	11979
4332	9525
4664	4908
4642	10929
477	14312
81	10335
81	1536
81	1537
1129	187
1129	234
1129	11774
2500	11638
5085	11669
5085	6046
5085	9399
5085	8361
4467	8610
4467	9225
4467	11242
2796	9157
452	11852
452	14232
2014	4575
2014	6582
2014	13444
3198	10427
4671	11239
3111	8372
3669	13003
3669	14087
492	11357
4831	8460
4148	12561
359	10960
1361	11418
1361	13728
1961	11546
1318	6159
3921	11377
3855	10804
3855	10711
3855	11217
859	11979
863	14312
1300	10711
1300	9674
2059	10815
5071	7287
1124	10796
2410	2515
1678	11374
2767	10956
2767	11035
2767	14347
2859	10835
2266	11165
4056	11035
4056	14488
1843	11035
2215	14371
892	9331
3859	9010
5202	2787
926	10326
1504	9099
3540	9008
2531	10074
2809	13107
2177	1432
2687	10898
2572	10818
2687	8741
1142	11342
2687	10293
2687	7310
1117	2064
1117	11795
1117	4758
2687	10026
3396	2167
4649	11035
2726	13532
883	11577
3762	6232
859	11374
2574	5484
2574	7187
2574	11336
2574	7521
1294	4564
1294	8153
2412	11042
3447	12857
1166	9463
2062	4898
5397	8528
1719	11035
5220	3525
16	5942
1358	11269
1961	10427
1961	13868
3868	10979
4919	11317
4919	11188
4919	9261
4919	4216
4919	5676
4919	9202
4919	9370
4919	9057
4919	2008
1318	10975
1318	2052
1318	10164
5172	5111
695	10355
599	10956
599	14312
599	12136
599	10991
599	9127
2304	11704
599	9233
599	8705
599	8719
599	4151
719	12640
719	9522
405	11180
3468	4032
4546	9244
2051	9564
2051	8944
2051	8988
3344	2795
2017	11165
2017	13440
4628	2518
1145	4709
4127	8605
1906	3321
2066	5864
572	14512
4693	9478
711	345
3293	2165
3293	1916
3293	4654
3293	9392
3293	9215
3293	8705
3293	621
3293	2810
3293	6693
1678	12384
3401	11337
3401	14320
2979	13498
711	331
3297	12123
711	826
711	818
2821	1366
1682	11663
81	680
3063	11526
634	11285
4319	11770
1981	10898
1981	7320
1981	10804
1981	11188
1981	10991
1981	10849
1981	8729
1981	9453
1981	10711
1981	4714
1981	14087
1981	8389
1981	8720
2656	9393
4506	10060
4663	14613
1247	10835
4506	11357
4664	2838
719	12124
3689	3116
3689	6105
3689	3945
4718	11590
3689	10357
3689	5728
3689	1274
4192	13507
3192	11406
4795	11505
4795	12045
3147	10258
5289	10929
215	14210
184	7110
3598	14107
3337	3828
3337	3139
3422	12257
405	12155
3111	11043
1713	10452
1157	11574
1735	14116
405	11236
2525	7760
2525	11035
1464	12352
3415	11641
3415	11250
3224	11296
3415	12459
2978	12422
3065	8011
1795	13770
1514	12007
4241	10999
1514	12008
954	2116
954	2114
4478	8094
954	2115
954	6582
954	9833
954	3322
4371	9908
81	1576
81	831
81	6629
2090	11138
1678	11355
4495	9099
1954	9672
658	6058
2336	13021
1614	10690
452	14169
1919	11641
5071	10885
254	11236
5091	13545
5379	10299
2129	12029
3321	11479
3727	9742
4844	11257
5071	10361
4021	1034
2821	3685
2980	9742
5397	10934
672	3633
2603	11355
2685	11127
1376	3388
1735	12675
3791	8307
2483	6401
3540	11149
3266	11149
1142	10797
5305	11149
1124	10201
1515	13109
3474	13107
859	11495
3415	11253
1034	11298
4084	6982
3476	11659
3476	10975
3887	13319
5180	11355
4581	11510
3076	13794
2990	6071
4043	11149
1175	14036
2969	11389
1866	2383
2997	11950
245	9069
5009	3873
5009	10567
5009	2315
5009	3034
5009	5053
5009	5569
5009	6209
4224	2546
4224	5729
4224	2564
4224	7176
4224	5944
4664	10822
4903	14293
2145	8718
2869	10998
2869	4600
2869	9512
2869	9462
2869	7779
2869	14087
4272	11149
2619	12552
2619	2519
2619	13619
792	11035
389	8701
389	6105
389	7303
2576	11906
4461	6553
802	10772
672	1082
3450	11472
5400	11204
1626	10418
1626	11770
1626	10818
254	11412
3319	11979
4084	12762
4466	11161
4466	11320
2619	12081
2859	11988
3886	10813
1856	11165
1856	12155
863	12136
863	5187
863	8705
863	10991
863	8719
863	10815
863	8526
863	8710
863	9127
863	9057
863	9233
863	10322
2017	13770
82	11251
5070	11149
4367	4785
2654	9522
2654	7330
409	11149
3207	11820
2293	12199
3481	7058
36	8612
885	11360
1112	8605
1112	9099
1674	10920
4925	9356
1112	7782
5405	11183
5405	11133
477	8705
477	10991
477	10322
477	8719
477	10815
477	8526
477	9233
477	8710
477	9127
477	8708
477	9057
477	8718
477	12136
5303	6901
5303	11013
5303	9897
5303	12055
5303	3023
2500	11572
2196	11214
1025	9462
3551	10975
1856	12459
2499	12136
2499	10956
2499	14312
2499	8526
2499	9127
2499	8705
2499	10815
2499	10991
2499	4151
81	736
2499	8719
736	11183
5208	14290
3709	14611
3847	10839
3847	11288
3847	10407
4408	11416
2603	11357
1569	10606
1569	8710
1569	11204
1569	14312
1569	12136
1569	10322
4323	11624
859	12459
5059	11149
3457	11612
3457	11418
3859	8938
1495	13018
1112	10692
4664	11149
1062	10736
4095	11474
1119	9892
1119	12457
2864	13728
1318	14445
1318	7540
1318	7051
2209	14199
3690	13754
4887	9937
5325	7760
81	1555
106	3310
106	14543
4317	2120
2890	11546
5310	11104
1376	14312
1429	2014
5422	13581
1429	7732
1107	8605
2177	2529
2177	1703
3760	9632
3163	11418
3953	11211
2523	13861
2523	13634
4202	4779
2755	11236
5251	14325
1678	13621
4887	10929
1678	14365
829	11180
4069	7437
4408	11543
2127	14312
510	9849
2749	11341
4937	9241
3842	1081
3842	6661
3842	966
4937	11317
1267	13926
1296	10078
1285	11473
2575	8622
3063	14293
4924	11196
2160	2366
1704	9353
5415	11273
5415	8575
5415	10943
1757	13868
1757	11677
1757	13454
1757	11253
3114	10974
492	11423
3288	11149
1014	12456
1014	14314
4346	8346
504	11412
4346	9674
1592	10772
405	11211
405	13896
405	11578
405	14492
3540	11569
2483	7012
2648	4219
2648	2163
2648	2540
2648	10026
2534	11569
5335	11295
3418	10836
1142	10956
1142	9439
1142	4658
1142	10234
3252	10558
2017	11666
2017	11191
2017	11546
4239	11405
1750	6456
2017	11574
2056	11035
2569	11072
495	11626
495	7487
495	9532
495	368
495	369
495	367
495	919
495	454
495	2689
1382	11569
781	11298
2015	13107
1946	12675
3044	14301
2896	10459
1115	11250
2896	3809
2896	10207
3271	11149
2163	12029
4018	12025
4018	12579
4887	10051
1157	11546
5379	10615
164	8741
5333	11782
1918	9816
939	9528
939	5603
939	9457
4858	11434
4858	10643
671	11569
2127	14036
148	12045
1986	10939
4977	13440
2012	11495
148	9676
4858	9316
434	5329
2130	11569
2619	3164
2619	6651
2421	2775
4520	144
3014	10577
3014	9571
401	11195
587	6456
2212	11569
4168	10885
1452	14058
3101	11035
1961	14539
168	9127
3835	11569
3887	4330
3887	4891
2478	10406
1047	13107
1835	11386
16	13437
2293	13038
2207	12675
932	12032
2650	12459
5266	11320
5266	12322
4986	11095
5180	11575
5180	11666
1639	13107
396	10975
396	6338
396	11568
396	11187
396	4600
2017	11575
396	6220
396	5694
396	9028
396	7501
2017	11653
2017	11488
1757	11584
1757	10099
1180	7516
1032	2428
1032	2359
1032	2105
1032	2721
1032	2434
1032	2520
1032	3204
1032	7885
1032	1686
3085	11575
3085	11979
3085	11348
1678	11704
3155	10956
883	11149
5399	6226
4992	13038
1808	13478
3839	14293
2232	11569
2232	10741
3921	11575
302	66
3866	2830
1659	11149
4664	11569
1047	13038
37	10818
4367	12172
4367	11630
1333	11134
1333	11087
1333	11030
3019	11569
5030	12025
1091	6176
1288	11546
5172	11253
811	7046
5018	6959
3	10577
2242	14528
5229	11150
5229	11257
2577	12686
5091	11495
474	11569
2226	6404
2226	1472
4506	6078
1817	11956
4765	11569
2572	11149
907	1190
3895	11578
2590	3052
3558	7519
3558	4073
3558	624
3558	3202
3558	671
3558	1259
3558	825
3558	224
1137	8587
4472	2150
2603	11762
4174	10974
4174	9099
1835	11340
3499	11512
5046	1376
3085	14528
2349	14466
2349	6400
4284	9099
3881	14116
3881	11257
3881	12457
1961	11666
3090	14116
3150	8125
3811	11601
3811	12536
2218	11339
3345	9153
5208	6463
5208	7645
2250	8506
2493	14285
3972	13038
5305	13038
3809	10711
2361	10605
4091	14038
3641	8605
3855	10818
4960	8372
5410	11035
809	9803
2493	12561
3558	9649
3558	829
251	11958
3558	277
3558	2035
5018	11813
3309	9635
4286	7857
2493	11666
2493	11546
5105	12500
2622	12286
5321	11035
3345	3441
2493	12155
4600	11121
4420	11149
4420	11035
2493	13397
965	11222
3641	11279
3641	11577
3641	11130
3641	14324
1961	11667
1195	4385
1195	3435
3682	10036
3682	3063
3682	7747
2979	8520
2979	8611
2979	13652
4018	11419
527	11395
527	10247
1776	11272
3745	10206
3745	7760
3745	14347
5246	11762
547	8509
547	10612
547	8237
547	10577
547	8711
547	11569
1047	11526
4964	7792
4199	11373
3921	11347
5374	10898
5374	10013
5374	9272
5374	4709
952	8575
3540	11222
3000	2646
3000	7413
3000	12612
3000	10535
2198	2881
1463	14337
4086	3383
4086	12801
4086	7298
4367	11569
5016	11958
3934	8165
3553	11958
3399	10451
3999	11035
3814	10965
5397	10425
1166	14411
2240	11068
1289	1924
4199	9099
4199	10404
1289	11119
4199	10818
4199	1301
3156	10323
4167	14555
280	10790
4167	10648
5032	13728
71	13917
4947	13581
4947	14391
1383	11958
2684	1924
2684	6163
2684	3657
2684	9525
2684	13727
2684	10562
2684	2810
2684	1602
2684	1703
2684	6654
5263	11569
3273	5939
4516	13770
3466	9742
5178	9558
5178	4354
5178	4355
3023	14396
5010	11404
5010	13896
4332	11172
1110	12857
1110	5470
1110	9028
4317	2636
4317	1549
2062	3969
2062	14036
1909	454
1909	9464
1909	4845
1221	11222
3206	11428
3206	11149
3206	8696
3206	2341
3745	14325
3690	14489
3745	6624
5091	11370
2714	13469
233	10801
3558	5045
2214	11659
1403	11208
820	10835
820	13518
2559	11149
2661	10739
1904	9356
1904	10292
2809	9240
5310	14161
3252	11362
3252	11210
2604	11569
2620	10344
4546	11212
389	11149
5143	7833
1492	11643
1928	11149
3364	8282
1047	11357
1279	11676
492	11547
2202	1610
2672	7425
5091	13038
1288	11762
3092	14295
3375	10158
2191	8864
2191	6861
2191	4995
1732	7761
1732	8358
2180	11035
2708	8509
3294	14347
3497	13271
5352	7729
5352	11310
3916	9676
49	12680
4964	8923
1333	13843
1333	10826
4031	11222
437	11191
3111	11257
5240	11017
5129	10956
1856	11370
1463	10527
5014	86
1289	1707
3610	11994
3101	8701
3101	8833
3101	9693
3101	8566
4977	11228
5315	11627
1047	11355
2202	2133
4408	10376
3505	11709
155	11518
1184	14210
4672	10416
4672	8922
2887	13303
3866	7927
3318	7760
3318	7761
445	12155
4069	12076
4581	11653
5165	13038
1142	10709
5402	10736
492	14590
1184	11739
5205	7118
2824	11994
49	7789
2132	5318
2132	2599
3047	9742
3972	11667
3972	11653
3972	12083
4467	2018
4467	5711
4887	8271
4960	11357
4221	13038
592	10481
514	12373
5055	10086
5055	8998
592	14127
592	14513
592	13655
592	10834
592	2070
5447	11569
1196	11253
1196	10582
5413	12531
5413	2794
4631	11382
2486	6128
4605	10700
1856	11511
4137	8705
1184	11574
1184	11191
1184	11653
4764	12079
3610	8361
1889	11537
1488	5636
2934	10127
1488	10675
1488	5274
2099	9728
1748	5858
4510	11703
384	10989
1510	11149
3781	14241
5011	11994
1893	8936
4069	13096
5441	11210
5052	13868
3386	10943
2044	14322
5288	10618
5288	10794
2582	10745
815	9157
2479	4692
2534	11035
477	11035
3296	14312
3296	11251
1204	11480
1124	12155
1805	11317
2860	8524
2860	12354
485	11676
5105	7670
5392	5925
5303	11569
3633	11569
721	13603
3056	11118
2493	12083
2493	11351
5415	11958
5415	9222
5415	11267
3	8607
3538	3241
4202	5250
4202	7135
1547	6400
5018	8708
5018	9462
1532	11117
3483	10555
5379	12675
4299	11988
5130	10005
3692	13018
357	11204
1744	14437
4317	7747
783	9672
781	13147
3814	10098
3114	11958
232	10454
3814	10867
1288	11355
3540	11693
4225	11416
829	11351
2338	8481
2338	6690
2338	11216
2338	4826
2338	7846
2338	3999
2338	8747
2338	10885
2338	454
2338	9147
2338	10204
2338	7562
2338	3487
2338	5698
2338	3573
2338	10975
2338	10956
3622	9742
5205	14325
3985	8358
1296	9607
1354	7868
1354	12136
1354	10233
1354	11257
1354	9911
1354	10772
1354	11047
1354	14116
1354	12675
4937	8710
1333	10786
4887	12675
1709	11243
1279	11612
1495	14449
1709	14376
783	3999
2236	11290
1465	982
5234	4758
5421	13038
4738	14576
2479	6608
1376	11473
1376	11195
1965	9214
227	14293
1848	10818
5127	10061
4799	12577
227	11612
3288	11569
3887	2926
4317	1011
3156	576
2811	11511
5059	11569
2206	12083
2157	11569
5137	5726
1270	11610
672	11020
2062	8741
4768	11219
4012	11766
1288	11503
2751	9522
3785	11639
1047	14322
3809	11907
5165	10099
3248	8456
202	11477
4924	8166
4924	10941
4924	2673
1140	14357
3540	11836
1184	12032
1431	14164
4068	13038
5306	11521
301	11249
3288	11275
3288	4524
3288	9099
2482	9179
4002	9462
4002	6176
4002	14312
4002	10991
4002	8719
4002	10815
4002	12136
1319	10377
1319	7936
1279	6315
929	11118
355	9501
3477	10046
5018	11089
885	11337
885	11474
2600	9452
1954	2044
1954	2446
529	12083
386	12017
2226	6824
2226	1102
2226	437
492	11355
3297	11270
1184	11066
4049	2149
4049	2294
295	1951
295	7890
1994	11958
460	8799
4813	9462
4813	11984
4813	10975
4813	14325
4813	11291
4813	1685
4813	8718
4813	8708
4813	1596
4813	2066
1133	11569
2373	8124
1184	11590
4630	359
4630	11988
4630	3491
4630	14325
4763	11035
4763	1996
4763	5557
2788	8711
2788	10977
3781	13868
2204	11035
2204	9879
2204	10772
2204	14116
3582	6330
3297	11597
5165	11032
54	4464
4191	2666
3516	11161
3516	10199
355	2217
2939	11392
3821	14203
3837	10671
2248	10885
3664	11123
3664	7760
4997	8091
4356	10099
1682	14111
1484	9437
1484	11569
5011	10762
5446	11035
5356	11237
370	1905
4937	11569
2750	7519
2750	4565
4404	7274
4404	10711
4404	10150
4404	9808
1687	11374
4649	10885
2864	12083
2218	11618
4007	11518
2149	4709
4738	11235
346	11813
1452	10709
1452	9218
4813	9308
1655	2194
4307	11174
4307	9146
4307	6070
4219	8988
5280	11340
5280	9426
5280	11204
5280	9099
4095	11175
4095	14492
1772	5603
1772	10746
3414	10851
3664	10541
3664	10989
3664	10355
1373	13587
5422	14598
4168	10835
611	10323
4069	1326
3483	11474
3944	11279
1874	13868
1724	6478
1724	14615
4365	9466
3745	8706
3745	10207
3745	8708
3745	6456
1866	11813
3802	11520
3109	1806
4449	13652
4822	11222
1535	11936
4109	11557
4109	12322
4109	11320
4109	13930
4109	10000
4109	12136
5229	11354
5229	5510
4930	6264
4977	11357
4964	5179
4686	5503
4686	1248
4686	7091
4686	2042
4686	1560
4686	4004
4686	2375
5026	6159
3959	10714
3959	9742
4284	10887
4944	13990
1797	10339
1569	8718
1569	9127
1569	4151
1569	8526
1569	8719
1569	9462
1569	10991
1569	9233
1569	10815
1569	8708
3740	11575
5209	9924
3691	11739
3270	11181
2796	10956
3486	14232
3486	14413
3486	8711
4977	10427
812	12173
169	9652
169	7890
396	8246
5305	11881
2479	4450
831	10711
1500	2479
863	11251
4417	11251
4417	14312
4417	8705
4417	8708
4417	10991
4417	8719
4417	4151
4417	10815
4002	8526
4002	9233
3994	11609
3994	11574
4430	10152
2177	6654
1408	9816
2955	10412
925	11163
925	11506
2790	10830
5165	3891
1423	11345
1468	10210
355	10464
5053	11525
4962	12157
3994	13728
5295	2741
2206	11257
4016	10835
3994	11691
4495	3309
1961	12079
2887	11355
3634	8570
3652	10761
3652	11569
691	1771
691	415
691	2348
691	7773
691	3338
691	549
691	1133
691	740
691	1688
691	1085
1423	10522
1423	11773
1423	7204
1423	4092
2145	8701
4758	12322
5212	7707
2047	11257
5340	13397
5340	11691
1797	10463
1963	13775
1154	10770
3972	13790
1142	14325
1300	14312
504	13114
4863	10835
1781	11745
3906	11035
437	11709
468	11089
1081	11291
4444	7442
3540	11830
3866	10345
5271	11294
177	13147
1308	11149
5337	11584
859	12083
1967	10376
251	11156
592	12024
1142	10609
5033	9293
319	11413
3297	13679
4555	8648
1505	9151
5106	13107
5472	11830
4144	11312
551	4995
551	10695
3400	11830
2478	10083
1082	10986
1082	11042
1713	10055
2454	11336
1082	10255
1082	8144
1082	11195
1082	6018
1082	12039
3090	10920
1082	8663
4478	1049
1333	10651
5479	11222
1382	11830
1082	9464
1082	9332
3641	11156
4505	9099
3297	11490
1526	11210
4582	11156
4582	11693
4582	8605
4582	11569
4582	11956
1510	11569
4582	9099
2057	14210
2057	11852
3297	13621
3297	12556
3044	11337
2204	14179
2127	8185
370	4880
1468	2338
3856	13868
5101	11435
5335	11830
5335	6624
1484	11830
1690	3591
4914	14301
1417	13038
4642	10709
756	13038
4317	9462
1388	10404
1388	5510
1128	12599
1128	11495
1128	13038
1234	11830
1043	13868
1117	7303
5028	12857
3578	13868
1468	564
1468	1130
1468	9431
1468	823
1468	681
2755	11032
1468	5277
1468	9445
1468	7570
1468	6959
2568	10889
2273	14423
2273	10956
5337	11351
289	11665
289	11596
1288	13397
5149	11830
739	11317
3676	4035
4875	11851
4064	11582
340	11035
3839	12301
2261	10344
2261	11830
289	12155
3147	10522
5180	11665
289	13454
3540	11156
2261	10111
2261	10109
1423	8453
2017	14516
2442	11620
3861	12273
16	13446
289	11699
2218	14316
1825	14087
113	11675
2910	8548
2910	7521
2910	11257
2663	11270
5415	6742
686	10047
4095	13440
1825	1103
1825	1996
2187	11513
1825	6736
1279	11720
1129	14
2859	7387
1724	9953
3866	9285
5165	11628
2433	9706
4444	11994
4555	10099
1128	11699
384	14521
640	10415
5205	4504
2022	1736
503	9650
3241	13478
641	10835
58	9652
5236	78
5236	5729
5236	86
5236	112
3995	13107
3995	2052
3995	2305
3995	5192
3995	1303
3995	7747
3995	9127
4883	1935
4883	11182
4883	11830
4883	11118
4461	10583
4050	14381
4208	6912
1523	14497
2565	12380
2565	8843
2565	9525
971	7085
971	3048
971	277
971	323
971	278
3300	11477
1835	12079
1504	11826
2305	11009
4852	9652
4852	10527
829	12212
1047	14192
2568	12322
4549	4053
1079	14106
4887	11557
4887	12322
3921	13637
3921	11761
4962	11596
2779	12212
4877	10393
2700	1578
3328	11278
2714	11519
3528	14312
68	11118
971	684
539	11270
4474	12117
4474	11270
3132	14415
1479	2715
1479	8954
1479	4909
1479	6159
1479	2698
2314	11795
3025	5183
5318	11805
1608	2417
2619	10229
3928	7014
3928	10328
5024	11236
1043	11156
2153	13200
2153	11830
2153	10806
1523	10947
1523	11577
1523	4675
1523	12612
829	10265
4139	10546
2562	13770
2562	11430
742	11699
926	10376
3839	12599
740	11671
1505	11751
740	10193
1683	13561
2594	11523
5032	11236
4354	11310
113	10481
3248	12694
3802	13107
1961	11641
1687	11560
3158	11566
1975	11688
429	12872
5317	10572
5317	10975
71	14415
2602	13868
1639	13868
3180	7779
2203	11149
2224	7595
5321	4538
1963	11272
1963	11131
4250	11688
4250	5288
2493	11512
2056	11830
4735	11699
3499	7554
2714	13454
766	10985
766	12607
3118	10107
3540	11958
3065	11428
2802	2791
5305	13561
1926	8578
1926	8587
4105	13554
4105	1998
2203	9376
3889	10975
641	8620
3651	11183
641	12136
1767	12613
107	11693
107	11994
5415	10976
5415	14309
107	9652
5415	2830
5415	11830
107	10687
4291	9244
4316	6004
2373	2791
2373	2226
2373	6783
5033	11925
3248	11617
4577	12610
4577	3644
3623	11543
2714	11620
1285	14312
13	12331
1285	11026
388	11995
4071	11312
1269	9525
1269	14169
2442	13868
1655	13402
1655	13973
3076	14488
4050	13561
2714	11416
4055	11236
2203	11040
5317	11932
1963	14251
4555	13868
3090	8953
3262	11332
3123	11522
3123	13383
3123	12665
5411	11085
3433	4248
4628	712
986	10871
2710	12371
2710	11830
2710	11035
986	10193
986	7670
986	7032
986	11938
3909	8153
986	12221
986	12220
986	9311
5064	9944
5064	3931
3540	11995
5064	6064
1053	9175
5064	3896
5064	6004
5064	7519
5064	3316
5421	9810
3272	10731
495	1792
4474	11706
4474	13868
772	14322
2510	12195
2478	9364
1185	11686
1157	11881
1413	14060
2454	8389
2971	11222
3843	10956
3843	14619
2971	6901
5059	10817
4531	7936
1292	10818
1308	10720
1308	11156
2772	9006
1679	11156
1101	11830
1411	11551
1411	11869
1361	2946
2135	12230
2864	12155
2864	12414
2544	11156
557	11836
1118	848
5417	14415
3386	347
4390	10204
2470	10346
2568	11681
2083	9099
4040	12775
1523	10711
3963	3619
3963	13768
3963	2632
3963	11387
1024	8024
1619	12064
1619	8300
2971	11774
1693	10276
1693	6942
2671	11360
274	11830
2971	12039
2971	4092
2812	14312
1376	14396
1459	14087
4515	6155
4515	8393
289	11714
4225	11090
4505	11006
4738	11702
1919	11691
1919	11351
2793	5201
3386	1378
2149	7814
289	11707
4300	11896
1817	11035
1817	6456
1817	8705
5449	14087
4107	13302
809	7330
