1439	9663
3401	5111
4152	2468
4456	11551
968	14576
3104	14336
1190	14116
3453	4377
3453	3131
3453	3636
3453	7461
3453	1957
3453	1395
3453	6437
3453	3271
3453	776
3453	744
3453	12107
1683	11699
4167	11801
325	1175
1687	13590
1687	11732
2012	14411
3412	11440
5421	14325
656	2408
4709	7303
4068	11699
2969	11585
2969	11644
416	11958
2969	11370
2622	13752
2622	13295
2622	11404
1249	11667
2622	11745
5343	11784
2293	12212
93	13038
4139	3491
4139	10501
781	11090
2425	8708
4007	11699
3028	13770
5071	6682
5071	8672
2971	10975
2971	8281
3288	11830
58	9952
785	11423
4965	9151
4965	9746
1411	11686
5332	4038
3248	12557
832	11845
4390	2453
2133	9282
2133	6474
2133	8723
2133	14314
2133	12354
2133	10956
2133	4600
2133	8215
2133	6997
4678	10238
1279	12257
3391	3889
5315	11224
4986	2366
4986	3173
289	13248
130	10824
130	13965
130	2164
4304	10485
832	11052
2804	12599
4642	8426
1716	11149
1716	11826
2433	10176
3747	7046
1142	10318
4247	11543
202	6456
1629	11881
4664	1938
4664	1469
4664	822
4664	1420
4664	8016
4664	11093
4664	9127
1866	10976
2214	14251
2214	10956
5421	7562
4484	10174
3699	4874
5332	11597
5031	11569
770	11351
712	11810
2619	10450
2619	13952
830	11035
2482	10204
1505	11612
1505	11323
1505	11560
785	9632
659	14512
441	11222
441	14325
441	8166
2361	11149
441	8141
1946	5079
1946	14231
1946	3288
4125	14223
4125	14043
2478	11554
1776	11684
3101	9127
4924	9935
4924	578
3400	11525
5315	11720
5315	12155
2818	5798
2818	13789
2818	10282
1376	7890
3578	11072
4897	5379
1110	11832
4897	12777
1285	6210
1285	11958
1285	7311
1285	780
1285	140
1285	10244
1285	7113
37	9491
1285	265
405	10099
1505	11090
5303	8729
5303	11306
4047	7516
3555	11569
4225	13413
3185	10571
4982	14458
4852	1963
5026	5728
3386	10830
3477	11830
1560	759
930	11279
596	11830
2066	11207
4068	11677
3559	214
2478	13147
2683	10758
1185	11860
4196	11815
3985	10625
4208	10956
2091	9822
1376	10944
3809	2804
2578	11881
4645	14251
3858	11830
5089	10451
5089	8985
3460	9677
3460	10911
1507	10404
1507	8705
1258	9148
1258	12299
2831	9196
1345	8034
1345	8729
5275	11848
3998	14107
4417	11204
5274	14192
1862	11286
3272	11360
3272	13437
4286	7106
5399	10275
5399	9204
3827	5314
1647	10262
2808	6250
3963	9580
3963	11006
3963	10815
3963	9426
3464	11642
3357	13454
3283	12030
1711	10976
5038	1954
1128	11677
1639	11600
3156	5947
3252	11830
3252	9773
4062	11161
1682	10099
4562	11234
1208	10911
109	1508
109	956
3297	13114
1758	10972
3819	1905
1491	11956
4454	14316
3839	13231
3858	12038
3858	2830
4450	11995
4986	8438
732	12220
4148	11949
5266	11047
5332	11707
4474	14419
581	13679
3767	14330
4582	11662
2818	7046
4735	11835
710	758
710	631
710	713
710	572
3297	13231
3297	14419
2711	11188
4515	12136
4515	11429
4515	11542
4515	10222
1954	7213
425	11706
5324	11032
1353	8118
3636	12608
5033	12463
1742	6453
1639	11815
4873	11168
1058	13998
1058	14325
1058	4538
1166	3837
1058	9282
1058	14616
1058	10686
2909	10495
4089	13108
61	10913
5116	13861
5116	12596
5165	11719
2909	10486
3267	11525
3267	9828
3743	11610
4754	13109
4926	11260
5340	14419
3400	10471
5480	12089
3135	6633
5366	14025
5408	11149
3358	5072
2593	10985
2577	11590
659	11408
1757	11706
29	11688
4350	1601
4350	1178
4350	808
4350	744
4350	9386
4350	7861
359	12123
4225	11597
4834	11781
190	13868
190	13038
4515	6665
4515	6390
4515	8310
190	13679
1317	11573
232	11826
4085	13191
4085	7091
5051	11700
434	11035
434	4021
434	9353
434	5726
434	5938
4984	10922
245	299
751	12902
4087	5582
4087	6847
4087	6475
4087	10974
2272	9354
2272	6582
2272	13169
2272	8062
3278	14032
2872	12277
4260	12902
4927	10806
971	1018
5295	6842
5295	12038
5295	4252
5295	2830
1442	11208
5113	9280
4106	11800
1399	10608
109	1366
3979	3720
4582	1535
2017	13248
2903	11320
2903	10989
2017	11592
5411	10131
5411	10711
3605	13114
3605	13454
295	8504
829	13868
295	10692
295	3091
4293	4188
4293	11591
3178	13861
289	14208
289	13561
3178	11035
3178	9462
4052	12136
3779	12109
5230	5833
5230	9393
5230	8718
3811	11490
55	8084
5230	10746
5230	5428
359	11574
438	11830
438	11958
520	10887
520	11577
520	9804
2406	11890
2406	10970
2406	9273
2836	4538
2514	11289
1423	11958
1124	11165
4495	12612
1919	13419
301	11541
4478	11373
4454	10082
4454	10708
4454	10376
1337	11751
289	11585
4646	11290
4646	13047
4646	3491
4646	14325
4646	10632
302	197
458	13728
5208	11830
4050	12301
4930	5647
2073	13413
3751	1433
1969	8833
3192	11355
982	10734
2999	9940
1954	11255
1954	10267
319	7447
4555	13679
5310	10988
494	11232
4454	8373
3440	10898
3440	10217
1279	13782
3186	11035
2432	8647
3366	11677
3921	11714
2930	10974
4396	8521
4843	9741
1129	11446
1129	4773
2060	10463
659	14430
1856	11949
1856	11953
4670	11840
2836	11782
2301	11247
5043	8726
5043	11035
2050	14387
2050	14341
4508	11660
1773	8556
3448	11156
1043	11815
1773	10344
2500	14581
3856	12970
3087	1055
3087	738
2751	6603
3087	1005
434	5492
3087	444
2408	11714
2408	12447
3087	8011
3087	826
4589	11738
3288	11815
3288	10829
3288	14309
3288	10830
4716	11949
3540	11968
4542	9826
2626	1423
520	10692
4144	11247
520	10706
3121	10376
108	10905
4052	10772
885	11845
321	11830
4305	11601
5421	4538
4820	10437
4820	10990
2864	13413
3729	9923
1342	11514
4555	14506
4291	11968
2289	13938
3855	10706
5440	11968
82	11118
82	12029
2019	12501
2019	12136
5071	10817
3794	1972
3794	2084
3794	3873
3794	3625
3794	5525
3794	3714
3794	6270
3794	3491
3794	3756
3794	9826
3794	9832
5223	8698
2659	12504
672	14323
4960	11337
3152	12902
3152	10711
2318	12607
5008	11284
3386	9225
4893	11275
1053	2343
4893	9244
2976	11296
2976	13469
2976	454
1326	9826
4636	10634
2591	4744
2591	11222
1494	10638
4506	9410
4116	11968
4645	12836
1494	8434
1494	9440
1494	9522
1494	9663
1494	11367
1494	8943
1494	11336
1494	11625
5440	11078
4199	11968
3924	2696
3924	6840
3924	7329
3924	2688
3924	2697
3924	6306
3924	2659
3924	2789
3924	11553
3924	7563
3924	2667
4241	11222
3634	11605
3634	10548
4068	11651
2221	5171
4778	6379
2618	11910
5397	13583
1446	11968
3781	11699
2218	10599
5213	10692
5418	13561
452	8214
4680	14252
2275	11622
971	184
971	8167
3603	11267
3603	14309
2442	12123
58	14182
1310	5901
4646	11830
3721	4709
4052	12675
4693	8351
5282	11415
5282	8605
5282	9478
3680	7670
2751	8470
4992	11220
545	10793
545	14309
1812	13410
4670	4287
4670	8580
4670	10199
4670	12136
545	13478
545	11836
146	5030
4052	14179
3707	8297
3707	13509
2789	11188
4801	13782
1750	8043
3829	9804
3829	6286
617	12723
3829	7105
2887	13561
2887	11655
986	13919
4212	14115
3092	13413
3355	6854
131	12242
4559	12227
3288	11968
3288	11473
3288	9028
5049	1697
361	11424
4927	11995
3866	6758
3866	12038
5282	2182
5282	2183
5282	2480
5282	2631
2914	12212
4052	8282
1642	13107
148	10666
1750	6597
2585	5190
2585	11995
2585	10885
4506	9816
2619	1535
5417	10827
4834	12761
4506	11645
2834	9522
5018	13038
5018	11795
2834	14314
2834	11824
3051	11538
1231	11988
5043	7489
5043	8205
4939	11830
4939	4552
4939	11994
5148	11762
4939	11473
4939	10346
4939	7057
4939	5184
4939	2400
4939	3096
4939	2767
4939	695
4939	393
5043	9306
5148	14192
3014	448
3014	5592
5051	13440
2500	10993
148	11615
4716	13077
2610	11569
2425	11149
2671	14322
921	9766
4286	6438
5129	11358
5129	12039
5129	2507
1671	10956
1671	11035
1671	4538
2914	11719
3596	11761
4148	12645
4148	11315
3979	5691
2218	11285
4489	1719
2433	11882
2729	10251
2729	8062
869	11651
869	11910
3897	819
1320	8536
1320	8708
1320	10006
1877	8724
4478	10567
4736	9818
5077	12584
4901	404
3357	11191
4901	640
4901	530
680	2689
4901	542
4901	606
4901	621
4901	623
4901	967
4901	934
3357	11355
4901	1069
4901	932
4901	928
4901	1570
1442	10956
1761	11665
1761	11677
1761	11881
4130	10975
4130	13634
4130	8892
2274	14241
4144	7367
4705	13926
4705	10634
4144	11995
4705	10293
4705	11189
1168	7519
3727	11949
1877	11473
1877	7404
4297	9995
2603	11738
4981	11239
2697	2435
289	11381
1683	13448
203	4763
773	13750
773	10711
3114	6566
4454	10510
3632	10815
3632	13319
3632	11396
3632	11287
3632	11071
3632	10426
3632	10457
3632	11670
5298	12032
878	11411
4664	528
4664	1072
751	14522
148	13077
148	14116
148	12136
3384	11035
4549	7519
3278	11681
2690	11247
908	11839
1594	4600
1594	7298
686	13861
2454	10658
2454	8181
5480	14251
2576	11608
902	4538
902	13886
4326	12036
918	8683
5318	12099
965	9634
4131	5125
4893	14285
4893	10975
4454	7933
1447	11481
4350	787
1626	12337
1626	11479
1626	12738
3569	13750
69	4932
69	6566
2073	11655
0	11369
4007	13077
2320	11222
2320	11539
2456	8460
2456	7238
2456	1634
2456	11947
2456	8163
2456	3057
2456	13581
2589	12123
3673	11891
3673	7998
4859	12144
3300	10150
3300	10140
3300	9808
2763	14036
4371	4173
1642	12272
2608	11005
4007	11809
756	12123
506	12645
756	11738
4768	14537
1499	10854
5180	14208
3440	11149
2698	10344
2017	11731
4761	11499
4761	12516
4761	12665
3881	13108
2937	13583
3906	8747
2937	14043
2410	2402
5482	14419
743	11274
3114	11569
5153	6105
1294	10395
754	14619
754	9953
754	5379
3802	13561
429	12290
1279	11732
2044	12290
3811	11270
4154	3787
4154	14236
3984	10675
931	1373
677	5814
1133	12862
5421	7213
1837	11381
2008	11411
850	12123
2058	6566
2510	10784
2542	11569
953	12123
953	11735
4052	14116
2281	6185
1761	14208
233	10034
1761	11417
3201	7012
3201	10999
5299	11551
3691	11351
5299	14506
3357	11357
1737	10289
3400	9742
3194	6882
3194	3491
3194	6226
3194	1957
5246	13448
3362	6278
4188	6566
2665	11887
2665	13331
756	11882
5180	11935
2722	11674
191	4089
5018	5947
2883	12290
4824	11149
4824	7952
4824	4709
4824	5891
4824	2376
2500	11644
1440	14415
1440	8371
1440	14105
4095	11639
3004	14043
3004	10956
1342	12608
3866	10918
13	14418
128	11337
128	11336
128	7187
4196	12290
5138	3740
2224	11109
2224	1512
4196	13725
1642	12415
1642	13645
323	10772
2779	12290
1360	11803
3591	11296
712	11018
1059	11980
712	11718
943	11324
4261	11410
5225	4369
2373	11396
2500	12782
2205	12902
289	11937
289	11411
5417	9931
651	10184
2622	12079
5282	10835
1511	13679
3201	12208
956	11571
4811	159
5073	11995
4811	6520
1716	11995
1127	3811
1127	5724
1127	8022
1127	6961
1127	4709
1874	12447
1903	10711
1127	11054
1914	9241
1127	8879
1127	14335
3505	14205
612	2268
2577	14285
2591	14522
1157	10717
5263	5498
4892	8758
4892	11479
4892	5184
3780	9224
3198	12970
3780	9223
3948	12268
3163	11910
3074	953
1411	12691
2539	10898
2539	3572
4933	9654
2576	13679
5050	14494
3899	9880
4137	10609
4137	11968
4239	11917
4293	10678
4293	14422
5224	12429
4811	1055
4042	11800
4042	8985
4042	9202
4042	11093
1732	9393
1732	11225
4192	11796
520	10753
3979	5857
1523	9244
744	9745
744	12467
744	14057
744	10987
5082	2838
5082	1939
192	14285
261	4244
4292	11149
3763	11830
2215	9054
3852	6987
3979	11745
4326	12242
4326	4575
1479	12587
1479	8448
5224	13485
5224	9131
5224	12563
5224	7961
5224	4390
5224	13122
2602	11585
2500	14142
4426	12354
1018	4552
2200	12970
3387	11208
3387	13868
3147	9461
3827	10813
5106	11937
4431	5810
4431	6816
4431	8052
4525	7036
4371	10403
1259	12858
930	9466
3291	10821
2017	11750
1683	11937
5133	10920
1268	11994
5133	10901
1856	13535
4375	10835
3801	4709
3801	4736
3801	1277
5018	5384
5224	5726
4863	10947
1411	12858
384	6395
384	9240
1594	9100
1594	10344
5143	12858
1919	11709
1919	11333
4646	10357
3297	11815
3297	11738
4426	14314
3168	1546
3121	12684
2568	8953
959	11354
959	11057
1713	1699
405	11191
1463	10989
4293	6008
5224	11965
695	8607
2403	8163
2568	11557
146	10935
3866	8536
4710	11444
1978	14309
1978	9099
4955	11315
1018	8718
1978	11156
1889	7374
1268	10229
2017	10717
1268	11266
1268	12123
1268	2673
1268	13478
1268	2632
1268	1810
1268	9550
1268	8563
1480	12623
1268	13485
1268	7421
1268	14457
158	8729
2870	6691
1268	14247
3717	11355
3540	6456
1796	11882
2760	6503
1282	729
3278	14419
3717	11357
1867	12904
4960	13777
5174	3428
4960	14297
82	11204
3540	12337
2061	11251
2061	6176
2061	8706
2061	12029
1454	11251
2832	11118
2832	8706
1440	4379
2602	12693
319	10671
5308	7605
5308	9895
5308	9501
4373	11128
4373	13039
3769	14396
3769	9370
3769	10726
3769	11089
3769	10787
3769	10794
3769	8049
3769	10725
1459	10565
1459	11379
1459	10711
2592	11156
2592	10183
339	9730
132	10990
5051	11584
362	9522
4199	11035
4056	6743
5332	12645
600	8377
600	3786
600	11818
600	14311
600	10903
600	5743
600	4674
600	12199
3784	7680
600	4530
3784	4527
1232	7821
1232	7820
1232	14116
1232	12136
4293	4956
2227	7187
1232	10386
1232	9571
1232	10862
1232	11988
1636	14110
2300	6633
1232	9242
1232	10986
1232	9453
3101	10675
1232	14415
4016	11149
2914	12018
3729	11353
3664	11145
1268	14128
289	11968
164	5603
3887	14036
3517	11411
4804	9325
5031	12212
1018	1328
1018	584
1018	1170
1321	11373
5212	8797
5212	279
5212	6490
5212	3743
5212	3033
2349	5474
12	12018
2224	5185
4191	5510
5004	13388
3816	13108
2293	11554
2764	9522
5053	13562
1100	14110
1100	4976
1100	12172
3111	11419
4231	14110
4231	12170
4231	10298
4231	13757
4231	11630
5432	11958
3474	12810
3288	10522
3288	11035
4021	831
190	11674
190	11706
190	12556
2766	11351
1944	11570
1944	8519
1944	14429
1944	8636
1944	9826
313	14291
206	12456
4095	12079
1018	644
1018	7773
1131	12698
677	10711
3301	12074
2157	12029
1639	12018
1611	7769
1611	10200
4635	11953
4635	11843
4635	11727
4467	8732
4846	13926
4846	13396
994	7914
800	11297
1215	6860
4326	10706
3319	13868
4180	11693
4002	11118
4002	11204
4002	8706
1817	9935
1817	9466
5197	12612
4489	9835
1018	8710
4841	5376
4841	1596
192	14067
880	11682
4863	11797
4582	12108
4508	13743
5427	12018
4970	8947
1952	11241
4326	12108
3868	10094
1653	14251
2493	11793
1188	12836
1854	10047
4863	6404
637	11479
3811	11600
3785	12071
3785	12651
4458	10293
457	8198
2358	12145
3819	11236
3856	12032
2911	1148
2930	10815
4478	1722
4533	11925
644	2430
3697	14322
5051	11620
5051	14365
1511	11706
1511	12118
3996	10512
3996	2906
4066	11651
3300	12429
5242	4015
3350	11518
4293	11988
2766	13397
2766	13077
2766	11935
5004	10071
4297	12242
3925	12744
2864	11841
1109	14309
1109	10404
1109	3491
289	13620
289	11977
2724	11164
2724	8768
2724	5361
2724	7500
2724	14325
2724	10642
4970	3807
2724	8385
2724	9652
2724	13715
2724	7681
2724	8152
2804	5111
5165	12810
434	9837
434	9838
434	9012
434	2324
434	8966
434	8488
434	7972
434	1377
2949	9816
1613	12022
4683	12118
3058	9204
5268	6272
5268	7493
4645	10692
3925	12301
3092	12290
3423	9075
3505	11900
3042	11371
3042	5320
3042	13955
1294	3091
4177	6367
3087	11051
3087	1041
3087	831
3087	716
3087	6345
3087	1861
3087	437
3906	5361
4101	12307
84	9800
1748	4633
2602	13844
1279	12815
1961	11560
4977	11270
2231	12633
2231	10897
770	11732
2831	11541
2831	7173
2831	10606
2831	11260
2831	8215
2831	2052
2831	11092
3420	10739
4630	10966
5116	7458
913	5597
2123	13861
2123	4953
2123	11320
3811	13231
4030	14236
2801	3757
2801	6175
359	11762
1647	9148
4725	11999
2500	10814
4139	11150
120	12752
3353	13413
1115	11821
5172	12858
2174	1796
4549	3551
4549	2049
4892	7416
4582	11839
5417	13859
2858	9174
3626	13108
962	11069
1470	11569
1660	10760
3535	14188
830	6053
830	9065
4517	11830
4517	11994
3688	8165
4484	12757
5271	11035
4765	11156
5355	957
539	14044
4361	11069
4082	12442
2887	11208
925	11358
546	13790
2883	12280
2500	14434
2206	11935
5141	12371
4495	3029
4495	2425
4495	3851
4495	2845
594	6633
2373	1915
3924	2842
2363	4832
2363	2376
2363	5948
2363	11332
2363	5444
3111	12022
1018	2044
404	7543
4095	13413
404	11830
526	13619
2731	8332
2731	11830
2500	12159
3681	11999
3114	1303
5289	1073
3358	13791
1679	4675
757	1605
3267	11379
3267	12952
3267	8816
4564	13390
4734	12744
581	13590
581	11856
581	11732
5246	12599
4872	8855
4872	9680
3414	11067
2547	5930
2692	13779
1376	11848
5033	14405
3131	1576
3892	8163
2006	11379
154	11565
2514	10277
1196	10670
3389	12442
3296	11118
3296	11204
3296	8706
3296	9461
3296	5187
3296	9462
3296	8705
3296	10991
2298	10687
3296	8719
3296	8526
3296	10815
3296	9233
3296	8718
3296	8710
3296	9127
3296	8708
4414	6624
4263	11399
772	12290
555	5510
1499	10785
5298	12512
116	11191
116	11793
5317	4538
5317	10711
289	13340
982	10943
982	3308
982	4830
982	4928
982	3421
982	11053
982	2525
982	2373
982	14309
982	2352
4066	12159
1363	8659
2017	11714
4071	12059
4960	11258
3994	11513
3994	13248
3811	12429
3806	11651
4911	14265
161	11402
161	7339
161	6187
161	7333
161	9329
161	7500
161	14325
161	14217
3192	11739
792	11836
3353	11841
1961	12002
1961	11738
1817	9868
3357	11032
2408	11735
705	9660
1998	3039
4858	8241
4858	10700
2418	6349
3727	14375
2167	8985
4763	10973
4763	7404
4887	11804
3457	11709
3457	13790
2190	11968
486	13963
2844	10584
2844	11202
1442	11980
3460	8166
3460	557
3460	9754
2469	11761
3460	2018
3460	10956
3147	6308
633	12622
1185	11980
3321	11689
792	7936
792	7849
792	11569
792	5738
792	10830
1594	5787
1208	11569
13	11098
4286	12490
4911	14485
4911	8648
3680	12496
3633	9785
626	11762
1748	7890
506	11719
506	12003
981	11149
5482	12698
3605	11490
3468	10899
2840	7779
5226	14525
4698	13267
4698	11356
4698	12322
4698	10299
4698	12675
4698	11320
4698	14179
4698	12097
3743	12781
4698	9529
3078	12614
3078	11422
3078	9500
3078	8556
3078	11035
3078	9922
3078	11806
3078	10200
3078	9099
3078	6693
1502	6286
1502	6102
2804	11032
1482	3862
1482	4252
2991	14349
5277	8163
5051	11719
5051	12599
1785	12858
2414	10636
844	11839
844	5981
844	10470
4258	1892
4258	2018
4258	6874
4258	6597
4258	5166
3925	11980
4258	6864
4258	4151
4258	9227
2566	14211
1889	10711
3298	4527
5386	12512
2859	9463
3375	14614
3375	7516
3068	7814
3540	11967
4506	14346
1892	1915
364	7197
706	14057
4426	14350
3174	11095
2408	11757
2408	12282
732	12221
732	7487
2274	13561
1679	6566
3552	1967
3552	1209
4291	11967
3552	11473
3552	9593
1382	11967
3460	10706
5106	11952
1279	14142
2751	12442
612	11335
1637	5379
626	12212
98	13319
4174	10822
4791	12809
3811	14419
3081	5114
2840	7046
565	10891
5213	2845
592	14266
592	11858
205	6682
205	9754
3681	11967
2754	14251
2129	11967
3546	9048
846	11069
1321	9827
2293	13546
4911	10441
2427	9478
5292	10956
2281	7246
3262	9244
2722	11898
2722	11900
4599	8695
1636	14351
1636	9356
3044	11360
375	9240
1781	11935
1748	11845
3681	13038
1812	13561
2834	12278
2834	14183
1927	11222
1927	8114
1131	11381
319	11460
1390	9887
1390	10532
4564	11977
1767	8396
4199	11967
4724	4897
700	12136
1390	11517
1390	12247
980	11315
2998	6226
2998	11626
2066	8163
3586	10142
1932	12133
2011	6930
2567	11999
2864	11608
2864	12858
4293	10126
4293	7932
4293	14595
4293	9396
612	11826
2652	11149
146	14116
2883	12429
1196	9510
2636	11554
1963	11339
2615	8556
1678	12810
2136	10692
1678	11917
1678	13790
700	14312
4293	11998
4293	11642
4293	11380
4293	7814
4293	12616
1279	13740
1277	11264
2576	12512
3743	13526
2975	1051
2349	10858
3081	10392
5165	11485
2589	12255
4137	10711
36	4095
36	11007
539	13677
2914	13362
1939	7287
3356	1091
3356	10514
3356	1407
2500	12070
5238	8891
1805	9677
3207	14331
4901	1123
4901	1030
4901	1546
4901	1773
2811	11381
3158	11727
4901	6163
4901	1363
4901	6654
4901	1557
4901	1924
4901	1937
4901	2093
4901	7113
4095	11738
4901	2587
3605	13189
4901	639
4901	427
4901	1241
4901	1287
4901	829
4901	825
700	13297
478	10280
3153	11801
2602	12236
1062	11937
3994	14208
346	13127
5068	12872
3030	4891
3030	6002
3030	7779
1438	9127
1438	9627
1438	11149
1438	10535
1438	10887
1438	8712
1438	5872
1438	7562
1438	12136
1438	11320
1438	7535
1438	2411
5233	14415
3357	12079
1817	12136
5340	12145
2980	11474
396	7972
980	13362
1294	14317
1939	2408
3474	13746
2715	8978
3631	9127
644	6894
644	1762
2307	8718
3135	7550
3605	12536
1279	14409
3887	4124
3887	7203
3887	9102
2944	11830
2500	11989
2274	14419
656	8756
4202	6271
518	14490
930	2159
4196	12429
1781	12281
1376	11693
951	10975
4071	10905
1288	13413
951	12603
3199	11692
4875	12214
2840	13331
3540	11999
458	11590
2980	11228
2296	11808
4505	10818
869	11608
869	12091
3785	11961
195	983
195	10200
195	10356
195	5651
195	2797
195	532
195	2397
195	408
195	1864
4239	12401
3309	12001
3309	506
3829	12133
518	11733
1442	11830
2304	14038
362	11399
4270	11186
2914	12280
4258	11090
2840	12536
4646	11831
4646	7517
2751	11256
4056	6753
4056	2440
4056	8487
4056	3720
3930	11310
4528	2076
4528	11384
4528	1467
4820	11144
685	11845
3191	10896
1856	11882
2233	10417
2233	5877
2233	14325
2233	9652
2942	10416
5280	13211
2233	9464
2214	11540
2890	12812
4801	11860
4057	11477
5316	14568
3542	14555
1317	11928
1317	14290
4192	12573
2326	10804
4734	11972
5428	11995
1047	13868
5428	8009
2840	6583
4131	10818
2906	12416
2751	11360
3353	7470
3687	9808
2949	11727
4071	14585
1265	8139
1142	10950
2667	10315
539	13340
2667	8697
4467	7094
457	8633
4564	14193
4588	11467
3916	7535
445	2851
4280	7414
3963	11222
147	7298
2568	14083
1184	13868
3297	12536
2800	6922
3649	4658
1479	4655
302	820
1067	6643
3840	13926
2172	2794
2172	4891
4426	11756
781	13965
1011	12106
5231	7436
5427	11090
879	9847
879	14218
1958	10908
1958	7367
879	10220
3528	14585
1613	13533
3540	11966
3540	11965
916	8524
4284	11156
3490	5361
3603	10437
3603	2200
809	13632
3558	12271
3558	1002
3558	4549
478	11085
1062	11861
3689	598
3689	5500
4763	6854
2858	6438
3840	11293
146	11296
854	10789
405	13679
405	11731
405	11738
405	11707
2039	10023
2039	1462
2039	403
2039	1019
2039	14488
3039	8424
2039	10040
2039	5793
2039	980
2039	5792
2039	772
2039	14230
3152	11795
1044	13522
1044	11208
1044	11706
2711	7036
2252	11035
2252	10464
3811	13413
2569	11411
3298	5116
3350	12155
1505	12343
266	13845
266	12003
4916	10922
2722	14208
5436	14585
3044	12290
2842	3732
2842	13584
5334	3265
2196	9137
2196	13967
2217	12080
2217	3501
2217	9147
2217	14312
2217	3635
2217	637
816	10229
816	10711
2370	11966
816	2946
458	11236
4365	7303
1279	11860
4365	3641
4365	11958
4365	14309
4916	11076
4916	14309
3477	7527
3477	10112
3477	13603
2002	11630
1317	11659
3525	11084
2245	12074
4066	13340
4248	5933
2883	14494
1639	12109
4066	13896
5334	6692
5334	10692
5334	5126
5334	9462
5334	5361
5334	12136
5334	4295
3961	6843
3961	6587
3035	11291
2564	12081
743	11966
3101	14595
282	13990
3623	11745
1782	12832
3745	10322
3745	4600
1067	2878
3382	14325
1317	14025
229	11355
229	11357
4420	11822
2840	11854
4916	11238
2233	9377
2233	9462
2233	10317
1157	12145
2860	11061
2860	9263
2589	12370
1851	10293
1851	4976
2217	13478
3631	9826
641	11905
641	12687
3288	13896
3288	8771
3924	7765
3421	4600
3963	11216
1309	10991
1309	10032
2608	8892
832	11284
4148	12165
227	12429
2500	13925
4095	12032
190	12301
2493	12290
2500	14172
3565	11822
3565	11744
2949	11608
3192	13413
2949	12091
1894	10367
1894	14585
1894	11317
3322	11822
2316	11935
3856	13677
3558	8231
3558	6095
3558	911
3558	9492
3558	7973
3558	181
3558	2822
3558	1535
3558	7839
3255	14377
4873	12960
1168	11595
1388	12201
1388	11727
913	1341
913	3999
2547	11590
693	11608
2364	9244
4676	12280
4676	12092
4547	8012
4547	8556
4547	3799
4683	12159
3345	8923
3811	12145
921	14116
3074	7885
3074	12167
3074	8519
4683	11854
3276	14361
3271	11095
756	12145
756	11727
4935	6835
3589	11766
3589	5937
3589	10364
3589	11763
3589	5228
1917	12429
4950	3098
4950	1660
4950	2042
4950	1377
4950	9012
553	11893
4316	13446
5315	11709
2177	1937
2840	11223
4599	4600
5147	12744
832	11616
3930	10989
4897	7994
4897	11120
4897	12068
3353	12687
3994	11790
1482	6226
587	7857
2242	8099
587	11515
2044	11899
951	10753
4950	7595
4950	3162
2812	10706
240	10240
5049	14251
2520	14116
2818	10411
2818	8856
2818	6581
2818	5631
2017	13679
233	11141
5340	13927
3748	13973
1618	12675
390	12488
1404	11608
385	1756
119	6572
3887	8550
4071	11532
1998	12864
1998	3683
2253	10711
3921	14409
4588	11272
1668	8977
4101	11069
3727	11731
3488	11217
4734	12383
4734	12109
5126	14371
5126	796
5126	5364
5126	8740
5126	8882
5126	5755
5126	10711
5126	9127
5126	2390
5126	901
5126	757
5126	780
355	7780
4365	14349
1511	12599
4365	11966
3785	12282
2842	5632
2842	8188
2842	9982
820	12075
4738	13274
4738	11264
5434	11569
5434	11149
1044	11841
4104	14415
4104	2877
1477	11482
3802	12290
1638	14506
719	8696
1238	12537
1617	10535
1617	11967
4258	11144
4258	2470
800	11348
5089	11433
4346	12746
4346	8988
2247	10398
4346	4883
2299	11795
154	11553
154	4250
154	8522
558	14613
2011	7804
4489	9461
685	9356
884	14205
4131	8509
1575	12872
1035	7187
2714	12056
5137	3822
1705	2267
1480	13443
1785	14354
4774	6524
5213	10418
4297	11067
5474	3576
5474	10388
3301	12214
3578	11370
2970	11967
2970	13861
4774	14509
3540	12133
325	10268
1520	7048
1520	5682
1520	6262
325	12171
5032	14193
2050	13346
2050	9355
2050	10989
2050	10711
2789	8605
2789	12607
3484	12018
768	9870
5018	4851
913	623
913	621
3868	10949
1059	11918
1059	14354
3855	10753
119	7318
434	9908
421	7690
421	4390
5332	11880
3192	12049
164	4369
2135	10516
325	12019
140	14414
1185	14208
5147	12146
3484	12810
1782	13871
4520	4386
5422	10986
5295	9317
3297	13397
232	11966
5134	10569
3440	8605
1647	12133
4950	3573
5332	12214
3921	12815
4855	2811
4855	9901
4855	2041
3135	10858
177	12201
3054	9710
2568	10935
2248	11435
3895	12032
1051	9170
651	13022
3139	2861
5277	9768
5047	12417
5047	11794
5047	11275
13	11800
5148	13561
2912	513
1359	11225
1359	4709
1359	10085
1359	12627
1541	11910
2811	12995
4683	12201
3422	12133
2574	10180
2574	9242
1066	11793
4911	14043
729	7833
1871	14116
2013	6721
1871	3574
2013	1703
2013	1123
2013	1241
2013	1546
2013	7766
766	4901
3487	10989
132	10446
132	4165
132	10041
1269	11265
2500	12303
1719	11569
5334	14347
1989	6557
446	14271
1066	13526
1098	11074
1098	9244
5068	12021
4199	4033
4199	13478
446	13103
3272	11337
3272	14301
652	11812
2373	8924
3415	12088
3315	10725
4289	11994
205	2159
2647	11577
2647	1535
1359	11386
3440	9895
1687	12752
1626	11826
1679	1535
3357	13790
2564	13522
3353	13221
2224	3758
2224	8166
4734	11223
1408	10305
626	11815
3727	12429
4261	12063
1869	6940
4261	13576
1869	2396
1673	2026
93	9578
4213	9907
4691	14401
2500	12338
558	2069
4564	12130
832	12336
2622	12018
4313	13888
3315	11763
3315	11393
4692	6624
3315	8757
3315	9690
3315	10258
3315	3585
3315	5106
2585	12456
2585	1849
2585	11049
2585	11480
220	11946
4293	11503
3473	11391
3970	5981
5461	13437
5462	13437
1440	11688
4546	9240
320	9551
3788	6770
13	10975
2933	7760
2933	11260
2933	11035
2933	10989
2933	13632
2933	14325
2933	9353
2933	13529
2933	10609
4438	13939
4438	14024
4438	9785
2949	12297
2949	11980
4247	12236
4293	10068
4293	10715
4293	13558
4293	11965
659	588
2944	4033
3382	12916
4707	8806
4707	12227
2831	12219
2227	12470
2227	6731
459	12206
1642	10442
5415	11822
5415	11968
5415	5126
5415	10740
770	13546
5415	9225
5415	9419
2933	13478
2933	6456
5415	12608
5415	12059
5415	11810
2933	14562
5415	3837
2933	9453
5415	5361
5415	9694
2933	3855
5415	11999
811	7949
5415	14585
811	8372
2933	4033
3255	9907
3255	9905
325	665
3709	13565
2044	12412
2686	11172
2801	8457
1157	14494
2510	10638
2035	10865
2627	2343
3255	12975
2160	5324
2500	12439
4629	3747
2627	12173
5091	11381
1724	4956
1724	10806
1958	8677
5049	11349
4770	9876
1181	8456
1181	12596
2160	9907
2147	12129
4247	12130
1073	4933
164	12612
164	2425
1464	14312
2926	11484
2618	12412
2622	11503
2622	12002
2622	13590
3540	11904
2622	11935
3985	11069
5010	12155
4394	9472
1411	12288
2978	7041
5024	11417
4199	11085
5010	12280
1317	8652
3449	11525
429	13362
3353	12092
801	11999
5070	13565
827	11353
827	3553
827	8009
827	14410
827	2366
4581	12092
4581	12858
2493	12429
3382	10377
3382	11810
3382	8718
3382	11238
3382	3897
3382	7660
3382	5642
3382	11769
3382	7353
3382	6141
2569	11595
2569	8876
809	12149
4225	13141
1919	12472
3382	12029
2840	12599
3617	3441
3605	12858
3605	11381
3605	13677
1639	12412
2754	8450
2754	10456
3605	11853
727	8479
4911	13018
4578	12326
3546	8139
2949	11889
5089	9827
5089	13896
3272	11271
4508	13565
2944	4709
1968	6965
1404	12092
2878	9308
3558	1879
2949	11588
3389	11134
3389	11627
3723	12705
1871	14087
1682	12336
2949	11599
5305	11134
48	939
48	775
48	1103
48	1293
48	1676
48	1514
48	1651
48	2404
48	2410
48	2025
48	11085
48	1997
5042	12425
3540	12488
1330	10999
1330	10815
3976	9548
4293	13437
1166	11966
4774	10933
5334	14359
4212	13077
1330	4995
3346	625
3346	10967
3346	10734
2523	2312
2523	9349
3346	8509
3346	10344
637	12170
866	7141
866	9173
4950	2228
4914	13454
4914	14241
727	8465
743	7349
1973	9102
4426	12442
1513	9522
3399	4589
5330	11055
2569	14271
5246	11971
3251	14569
1707	11569
1316	1932
2183	3930
3631	4658
3631	10294
3631	10885
3631	14585
5148	11738
3623	12292
2160	12459
2207	11988
2505	11951
2505	11035
4960	11175
4960	14293
3026	8166
3026	14514
3026	7771
3026	4033
3026	6232
3692	10376
2433	13943
657	2119
4252	12236
227	11727
3637	13750
4911	13960
1722	10169
1722	4314
1722	3307
1722	2518
1722	5470
5198	13478
5198	9030
5198	11371
5198	10780
5198	4917
5198	6735
4517	10344
859	12645
859	11707
4212	8988
4212	11920
2224	1586
41	10972
5052	11957
5174	1315
1796	12292
1317	11925
1317	11922
2914	9853
2500	12430
1317	11890
1317	9373
3949	13636
1317	14503
1195	6693
4950	1280
4950	1389
4950	1578
4950	2319
3431	12326
504	12123
512	12103
512	11968
3366	11917
4880	8163
1727	11367
1727	9080
1727	12218
119	9733
3072	14563
3072	10839
3412	10848
4734	11835
3412	11999
3767	11463
4293	14271
1697	10556
3820	12872
4802	12183
1317	12260
5467	8771
4167	14067
1269	14482
1269	12277
3382	8166
3382	6018
3382	8617
3382	11243
3922	12049
1559	10818
1249	11047
41	8307
5147	12245
120	12145
809	11896
4151	12326
859	11935
4151	10825
696	12255
3482	11761
5436	8908
4774	12745
2463	7303
2463	11569
2463	10817
2463	10532
2463	13632
832	12883
4484	5632
4949	11937
4106	9652
3506	7500
5	11131
5257	3103
1008	11602
3483	8166
3933	7504
4058	6379
1936	12630
4297	11577
3864	5409
2451	798
497	13965
4291	10753
4247	11837
671	9099
859	13661
3309	5630
4981	12999
2431	12045
474	9548
1639	12383
4066	12061
2841	10026
1717	12022
2841	11480
1907	5937
1511	12056
2841	8021
4343	12123
418	12061
4483	12116
3382	11242
3382	10661
3180	14555
3180	11095
4398	13485
3350	12123
5061	11743
1919	11977
1978	12975
3400	11904
3482	11627
1825	10878
4941	14325
2017	12123
1768	3586
2017	11707
1768	12189
4630	8149
3654	10451
515	14208
5141	14290
3899	12109
3547	11833
4066	12411
2045	12488
1492	9356
1856	12165
702	14120
4868	14205
3216	11968
3216	7543
3216	12326
2659	12318
4151	13248
3094	12627
3856	12744
3382	10541
227	11730
1890	3685
1890	9248
172	12033
1890	10464
172	12188
1129	1843
3017	13141
3017	12033
3270	12854
3270	13743
868	12136
3382	9462
2135	11296
2135	11988
2306	10941
2306	13856
2306	11857
2306	11942
2306	9877
2306	5300
5475	14322
3297	11608
4834	11089
2804	10997
3921	13526
3921	11045
3546	2164
4060	14300
222	14300
4353	8215
3235	13131
2377	12902
4725	12403
3158	12136
4907	11730
1232	12974
4907	11793
2085	762
1160	12281
3412	11904
341	1248
2296	5244
3482	11566
4806	14489
3631	6438
3631	8062
4519	13920
4981	11837
1819	11242
1819	10885
2659	11755
2873	14184
2032	12123
2761	12401
78	7783
3506	12472
3233	12472
3382	10918
4632	14300
5165	13972
3652	9652
3552	8656
3552	11444
3552	9894
2283	12140
2283	12306
2283	12397
172	12826
5260	12111
5260	14271
2431	13141
1008	13385
5447	7712
1639	14206
2681	13691
2681	6098
2681	3685
2681	8514
2681	10013
2681	2187
2393	9265
2393	8147
1626	12761
4316	1978
4453	11918
3482	9742
2408	12123
1827	12058
3160	10074
3160	3974
3482	11194
3160	9652
3160	2346
4564	12146
286	9816
4951	8761
5257	8833
5206	12341
1801	14555
1801	13522
4146	13972
5461	11337
5462	11337
5180	11850
1626	10056
1390	5894
1837	13575
3482	6439
4353	12205
4632	11083
512	13630
3330	9127
3248	11971
1008	14106
4167	12205
4935	11446
3582	13212
330	14251
330	12136
4060	12995
4710	11134
4907	13141
1806	14193
4353	13604
4353	10271
4644	9824
3934	13362
4353	12430
4137	11795
1206	14206
3144	13478
3144	8120
492	12003
3382	9127
3382	5188
4146	12084
5399	12854
4212	11940
1678	11351
1678	12079
3724	13896
4530	3561
4734	12058
4212	10096
3724	12205
1743	10808
1743	855
4373	12471
539	12858
2779	12092
2933	12960
2048	1407
4589	11899
2048	1723
2048	1508
2048	9748
2048	8762
2048	510
5330	12370
4183	13409
3024	12119
2500	13264
3233	14190
5	12995
3233	12032
4516	12017
4542	10461
4542	14184
1520	6588
1321	8593
4353	11083
2659	12281
5427	11889
4880	14300
3615	12032
172	14190
172	11906
3482	9582
3482	9583
497	11952
5411	12210
4609	11896
78	11850
4212	13127
3230	4538
355	4671
1408	12466
3316	1541
418	11747
5105	10006
2914	12412
5178	3569
4900	14513
2914	11971
5355	7991
2659	12341
78	11733
78	12072
2602	11790
3506	12306
1073	9943
1067	13582
4167	13972
3344	10008
3344	7425
500	2673
500	4709
500	13478
4421	12174
2393	994
1559	14193
3106	12357
2801	12287
1907	9894
1907	6587
1383	7494
4139	7494
4609	10317
4710	12472
1919	12883
4365	12353
2157	11830
4167	12032
4700	10415
4167	11811
3343	11582
3343	8574
3343	11149
3343	10846
3343	9480
2671	12512
2250	5010
512	12399
2129	12353
3076	10947
3076	1708
3076	10709
1493	12241
4541	10142
330	5828
1825	14449
3017	13943
1906	12344
2215	11266
909	9375
2895	14032
3555	12353
577	9031
5206	12145
2711	9334
2215	13478
4071	12353
2497	11678
2951	12009
742	12364
3322	7494
3809	10244
2028	14202
2718	6002
2718	11967
878	11971
5011	11904
4134	7519
4134	9896
5462	10993
5461	10993
2483	11170
4774	12849
4774	12087
1750	3491
2951	11852
1776	11639
3437	9240
5206	14271
5206	12333
5206	12479
5005	11787
3482	10506
3514	14300
3514	12003
1761	12014
4900	14422
2895	11599
1206	12995
1655	12287
245	13386
245	11848
3842	9283
3842	9285
3842	7927
3842	6498
3842	11693
3350	11253
3615	13972
4095	12599
4095	11792
4868	12084
151	5244
721	12684
3072	12118
3072	14388
3072	6766
3072	11122
4167	6603
3641	7311
3482	8434
3542	13967
3482	6469
5182	5190
3482	10709
125	13926
2423	10816
5268	10009
2423	11473
2423	7961
2423	14335
2423	10464
2423	11539
330	4464
330	868
330	2573
4907	12425
4453	14032
4167	11392
5032	13107
5032	11083
5032	12995
4710	12646
4632	14193
1249	14490
5105	11800
5105	14077
5105	10989
4050	12119
1975	10049
1975	5881
4683	12744
5041	12401
2951	12454
2951	12277
2423	12197
4002	8705
3429	14199
5041	12061
4683	14300
5041	13385
2031	10709
2440	12282
5142	12239
1750	12260
2423	14249
2423	8526
2423	8952
2423	7387
5206	11730
5206	12091
5119	7533
969	12471
969	11889
3414	13632
3414	9392
2500	13987
3785	12018
3024	12336
3743	13565
5202	13385
5202	13770
3652	9501
1479	12290
4555	14346
2841	12003
1838	7500
1838	8049
1838	3453
1838	8708
1838	9502
5105	8869
915	13385
5323	12277
2423	10922
5052	11952
5052	11899
5050	11762
1812	11549
1812	14208
3500	12229
913	6851
913	530
5269	12324
2933	5460
2933	12854
2933	9204
2433	12159
1559	12032
4549	12189
766	10282
3003	2215
4167	12309
4202	12623
515	14271
5340	12188
1838	7280
1838	8711
1493	13103
1493	12899
3414	8696
497	12256
2679	11317
3192	12858
5333	9548
130	7058
792	11688
4537	9099
3321	680
5473	13478
869	14375
5174	1427
2722	11599
1268	7306
222	12336
1919	12471
3540	12329
1919	12088
2161	14413
3567	11035
3599	12646
2182	5215
4774	10954
520	11826
1674	12079
770	11576
3626	11245
400	5184
400	8705
400	8706
400	11447
400	7501
400	1543
400	12617
2482	10297
130	6360
2500	12963
690	12242
4261	8448
1680	12205
4261	9825
4261	3732
4261	11996
1680	12426
690	10711
2569	12057
5206	11853
5206	11892
2889	10616
1968	12146
1965	11217
1839	9884
142	12098
625	4169
930	1882
930	4527
930	12801
930	7782
1838	8705
1838	2632
1838	10885
1838	6116
1838	5384
1838	8718
1838	9462
2602	12381
2602	11977
4710	12399
183	6986
2779	12733
1226	11212
1827	12409
1226	10079
3315	10822
1226	10597
1226	13739
5368	12488
5368	11822
5368	6727
5368	11903
4137	9827
5260	12397
5260	12140
2569	12098
4037	10527
4430	14164
4632	12213
1071	11971
4768	11071
3262	14077
930	10359
930	5185
1226	10939
5346	2416
5346	2849
5346	2471
4900	11853
5346	2830
3370	10599
4180	7188
3473	11823
3809	12242
3809	13926
1919	12130
5165	12032
40	14179
40	10935
40	11257
40	11255
40	10016
5165	12472
40	9978
142	12367
3505	11963
1863	14067
409	13478
1332	8407
4420	12353
3152	12430
1738	2376
1738	2569
1738	7614
1738	2123
1738	5218
1738	4989
1738	3040
1738	3339
1738	2065
1738	1885
1738	1974
1738	2038
2719	11892
4900	12145
4900	11892
1852	13972
1852	12438
3272	14322
2029	12854
2029	5034
78	12425
78	14157
1683	12409
3272	14192
4305	12522
172	13620
1249	14157
2846	2563
3272	11706
5479	11149
750	4954
750	8237
750	1648
750	3665
5330	12646
457	8471
3101	8509
334	13301
3945	12012
3945	12306
5041	12450
5041	12119
5041	12110
1559	12752
1269	13266
5018	7325
49	2056
49	2449
49	7890
2709	11222
49	5037
49	5682
49	3999
49	7529
192	12245
3357	11699
832	14271
2588	12982
2588	8456
2588	14595
4293	11760
5452	7260
5138	11305
2719	14319
5180	12084
2841	5647
2602	12130
969	12883
330	6633
4293	13728
3626	8988
330	6105
2883	13565
4736	10723
4736	12986
4736	7533
4736	2698
4736	13444
2381	9668
3634	11223
3634	9030
400	3821
911	10445
3266	12363
1655	12451
1436	11977
4941	12336
3767	12818
3767	11883
3996	10607
3996	1944
3996	3033
3996	7747
5340	11976
2182	3467
2182	11190
2182	3388
1110	11767
1110	7325
1110	11479
595	11771
81	932
298	11942
298	11999
2916	11793
4632	14208
4297	10366
4297	10947
4297	11795
2247	6696
682	10173
3019	11995
3019	9716
5137	3352
3277	12722
742	12309
5269	12003
2895	12644
2895	12450
4632	12506
4353	14515
1918	7161
2659	12145
2659	11853
1989	10424
512	12465
3673	13746
3255	13552
2182	14236
2373	11440
3326	14025
2373	3368
5076	12643
4292	11095
2707	12826
1626	11810
1221	12229
590	8503
446	14208
190	11660
539	13565
1110	9709
1110	10364
1110	7298
1110	8649
1110	10706
1796	7936
58	10074
3288	10463
3288	12403
1796	9721
4962	11599
1221	10061
4519	9844
5346	2874
986	4876
3029	13868
2588	11966
2415	8672
1477	8869
4632	13770
522	13303
1757	12883
5453	629
5453	410
3300	14319
114	8202
3775	10709
5206	11976
5206	12404
223	9578
5206	12058
2075	12158
2801	7437
2304	13062
2719	12336
4577	2934
1862	12403
1098	12164
5151	12095
1326	7895
2219	14579
2219	10243
2219	8157
2219	9525
3921	12182
915	12661
1707	12353
2454	5484
2454	11063
2454	2946
2454	14555
141	9543
141	11536
5206	12968
141	12032
141	9457
141	9161
141	12652
141	8943
389	11152
389	9244
4506	11976
3314	10168
142	12752
4485	14373
4353	12326
3342	5125
1310	12326
3342	11830
4353	13943
1008	12399
2659	12392
2390	8202
3660	11508
2883	10168
5403	1176
3876	11575
3876	11653
142	11848
3738	5724
3685	13546
4900	11976
4900	12564
2197	13253
131	11679
131	9244
2659	13972
5378	9852
2172	10974
1168	6128
1384	6854
1384	7516
3542	6854
4710	12406
4801	14534
3625	8736
2500	12238
1827	12995
5280	14391
5280	14323
5280	11336
5280	10692
5280	5526
4463	13565
4691	10702
1655	7920
4167	13627
4258	11999
4635	12336
2500	12643
2659	12689
3366	12256
3366	12292
1559	12412
1157	11889
4353	11140
504	12288
5415	11131
658	12326
4835	12169
658	14251
3915	11343
3915	5391
3915	10207
3353	13770
2217	6343
2217	12792
3622	11351
3622	11709
2274	13362
2415	12108
2032	11714
3819	12301
142	10476
211	12314
1914	11149
3216	10528
3216	12242
1261	8509
3921	14534
3684	2410
3684	1292
1008	12350
3684	1275
2659	12404
1969	10903
1969	8424
1969	11190
1969	3162
5032	13896
2779	14319
3328	12471
1559	11863
5442	12411
497	14193
3876	11803
172	13565
4258	10488
2841	14373
1302	12537
3814	7521
1477	13973
2992	12271
2992	11713
2992	9486
2992	10543
2992	8579
2992	11156
2992	1535
2992	12801
2992	9627
2992	11995
2992	10500
3277	12441
4167	12288
3382	7008
3484	13868
3484	11706
4167	12513
1150	11134
4187	12175
4801	14172
1493	12450
1493	12493
1493	12111
1310	9026
2627	11186
1683	12214
2576	12409
1639	10168
750	5848
4426	14170
3500	11976
91	13952
3051	12296
3051	7050
2895	12513
3051	7480
3051	6524
3051	3158
569	11606
1575	14618
1226	10163
4907	13565
624	12326
1157	13565
205	7122
3767	3969
462	11149
462	10361
462	7456
462	4503
462	3037
462	5360
462	7119
462	1700
462	9740
462	5932
3622	12079
183	7348
4176	12353
4510	12046
3024	10722
4376	2254
4553	10872
4553	5460
4510	11899
1310	9244
905	11217
905	10600
905	13211
905	10711
905	11182
905	5484
2514	11725
3024	9376
3300	14362
3300	10048
2955	1563
2955	3799
4762	1535
4762	11968
4762	11216
4762	8166
4762	9855
4762	10404
4762	8893
4762	10344
4762	11035
4762	12136
5269	12056
883	10818
2633	6427
2659	12333
4893	10943
4893	12610
848	11819
4893	11340
4700	10943
4700	11830
4700	1623
4167	12854
5193	12058
3819	12081
1773	1538
4167	12401
2603	12201
3582	10456
2603	12018
1492	14607
1269	11538
4171	12308
2957	11599
3819	12290
4636	6390
1361	13422
4636	2864
2719	13526
1796	8710
3308	13253
5147	12032
3939	12604
832	13533
192	13627
192	12366
93	13327
3876	11546
497	11658
2914	12868
1559	14345
1559	12733
448	13772
448	6083
3876	11667
3876	14539
1241	14077
2614	13772
463	7517
463	14619
463	11880
463	9396
3424	12575
463	9127
463	10989
463	4956
463	10464
463	10706
463	9743
463	6176
3921	13782
3622	11575
2870	12309
3622	11546
3622	11653
3550	14345
2870	12336
5293	454
5206	14307
1226	11287
3599	12326
2500	14602
1194	11688
193	12671
2659	11909
2612	11223
2563	11216
2563	3966
2563	2429
2563	7103
2563	7090
2563	9127
2563	13507
2563	8708
2563	5625
2206	13626
271	8306
2412	13318
3314	11468
5206	12177
4171	12205
913	1241
4467	10759
913	1703
4248	12326
1785	11558
3233	11976
1551	10173
915	12506
346	12326
1345	10925
3375	14223
3375	14285
1345	13478
3375	14184
469	8938
2819	12463
1347	14396
1347	12990
5293	10459
5293	11210
5293	10211
3646	11499
3646	4709
4318	12214
4318	11961
1519	6958
141	8165
4318	13844
192	12085
3729	12326
623	12326
5206	14170
3473	13478
58	14325
58	9778
730	9923
3899	11708
1639	11909
1639	14543
1639	8601
5429	12727
604	10905
4412	8586
4412	3061
596	11492
4412	8204
5293	9603
4412	11569
5293	6433
5	14190
5165	12513
2764	8528
4197	11449
3599	11708
5165	11730
2801	11821
1968	12564
497	12472
26	2164
4353	11708
26	7890
26	12396
2060	11805
2182	10502
2659	14170
2316	14307
429	11423
2454	10754
2454	12622
3464	7313
4181	11362
5041	12370
529	12110
1639	11657
5339	5201
2719	12733
5282	14251
4055	12110
3754	5575
1160	12140
5335	7760
12	13844
5293	12563
5293	14325
5293	9148
3945	12537
3945	11971
5091	14607
3945	12323
1806	10168
5091	14271
1679	9478
4764	12093
4981	10335
3868	12018
51	12505
3239	10044
3239	10132
4870	13627
966	10399
5330	11468
5165	14271
1384	12872
5206	12178
3931	12768
3931	9102
1919	12645
3277	12717
888	8705
3024	11223
522	9405
1831	12727
5049	13938
2719	12241
884	12426
5032	934
2927	13745
2927	8261
4167	11976
2693	14362
4721	6588
367	12445
1668	6872
2973	12036
2973	12148
4448	10200
2427	10991
2427	11387
4700	1624
4700	6891
4700	1836
2427	12445
2427	10759
2969	12046
1869	6355
3277	12111
31	3643
3248	13526
969	12127
598	11326
2235	11247
2482	7171
5	12297
1827	11733
2892	14307
41	11193
4921	6500
4921	5651
3538	14488
3024	12660
3024	12297
3024	12439
3024	14190
454	6968
2304	14150
5330	12412
3375	13750
2014	14513
2014	12354
5248	12670
141	10987
2805	11889
4510	12135
2203	14116
4071	12488
4225	12198
2955	10692
2085	11243
5411	12445
3527	2046
3527	6733
3527	5914
1190	12667
4289	9113
4289	8706
4289	9127
3500	12145
2500	13026
4635	12324
1717	12564
930	11398
4485	11223
1085	11558
119	11988
1372	8830
3802	13533
1372	10262
1372	10822
1372	9099
1372	5696
1372	6457
2837	10237
2221	11837
1735	12290
3540	13876
869	11863
1215	621
1215	470
5482	12733
1215	795
1215	6851
1215	1432
1215	945
591	940
931	10315
1674	12150
1674	13394
1674	8580
3550	12733
1597	9601
2969	12305
2969	13770
4419	8288
2940	6438
3277	12330
1085	12511
2783	11569
2725	12647
2783	11035
2783	10404
2783	9467
1482	4956
1482	7517
4228	14488
384	11428
1310	11212
2766	12166
1919	11784
4450	14170
93	12455
4151	13926
4629	12326
5248	14289
93	14025
358	11988
1768	12345
3972	14170
5469	14232
5206	12332
4721	12646
4488	13876
5346	6838
120	12392
4907	12127
3024	12399
1249	14534
2715	12754
3024	12314
1727	12554
142	12370
32	12439
2971	8705
32	12427
794	13383
2971	7406
26	11183
26	13973
4139	12353
3500	14170
3385	13026
1008	12671
3385	12644
3385	14271
119	8525
2870	12070
699	14541
4795	11817
4900	12146
4900	12178
905	12353
5226	12492
3017	12631
2460	11320
2460	14381
2659	12754
2659	14232
2948	14232
927	2343
1727	14232
2019	11741
2019	11742
2019	12554
5180	12826
4309	9174
4309	11431
4309	9215
4309	9801
4309	10458
4309	12316
4309	8166
4309	10404
4309	11830
4309	6098
4309	11958
125	7432
4309	14325
4309	12353
4309	3561
4309	8708
3042	10336
4069	1154
1343	12323
2725	12826
1085	12314
2622	10206
1085	14458
485	13264
2725	11850
5327	12474
5327	14157
5327	14534
1493	11747
1493	12671
4519	12754
1376	11795
5222	14170
1388	9099
2364	12133
5340	14170
2364	7105
2364	8672
2802	12478
3537	13876
4306	9427
2889	10539
2971	8459
2985	12660
1085	14354
2306	10535
2306	10549
2306	10190
2306	9290
2306	13245
2306	13950
2306	9014
2306	11247
2306	11053
2306	7502
2500	12553
2306	14576
2306	3525
2306	6448
3779	14208
4450	14232
2461	11273
2461	7500
2461	7535
2461	10578
266	11729
266	13844
616	9448
3500	14307
3284	10267
3514	14373
3514	12297
3385	12332
5392	8767
2500	12551
227	12360
227	13677
227	13627
4110	14319
254	14103
2019	13601
1636	10313
591	6382
5206	12392
5206	12754
503	2833
503	8473
5016	12214
503	8375
503	3164
503	7331
286	13825
503	7306
286	13582
503	3446
503	3039
503	5262
137	11083
2858	14325
79	12721
1609	11140
5346	3123
2500	13984
1713	12976
2160	454
172	12487
1269	7399
858	1532
5143	11886
1302	12401
3597	13876
125	9240
125	2502
4900	13592
2019	13252
2859	8708
2304	14319
1539	13012
1817	12445
1300	11121
1300	9652
1300	9480
5314	9437
1675	7425
5479	12133
2666	12110
4056	6560
4056	2052
3779	12754
4286	4995
266	12332
266	12333
266	12279
5	12135
5	13896
2837	10945
5153	12347
75	8565
4353	14198
2997	13155
4907	10168
2659	14458
3789	10752
3789	11485
3350	11745
1975	9827
3751	11188
3024	12535
2206	12537
3344	14454
4941	12575
4071	12753
3899	12081
604	12135
5041	14198
5041	12479
5041	12999
972	10043
2135	11161
559	14447
3457	7081
355	10976
78	10772
4900	14206
764	13383
804	13846
1119	6272
137	14515
2892	11711
1487	1219
3000	688
5469	13414
3024	14235
3500	12093
3024	12712
3500	12177
3500	12564
3500	12178
1827	12575
889	11976
5454	11083
5452	8074
4977	13231
2019	14232
32	12406
5305	10168
4911	10148
3546	7439
4911	7770
5143	13972
4519	12404
539	11657
3483	13156
292	12065
409	10753
409	12326
2666	14208
2028	8282
2809	14310
2666	14235
3328	11879
3589	11958
5486	12513
5018	12065
2895	12461
5018	10975
1310	12424
1697	13497
1302	13375
2895	14307
539	12770
4710	12535
3179	5662
3210	14251
3401	14322
3210	11580
3156	12001
3806	12858
1337	13565
5429	12129
3024	12431
2576	12285
3945	12647
1727	12804
3945	12346
336	14232
902	9215
902	12065
902	11514
902	11532
902	12488
902	13973
902	8566
902	5100
902	8802
902	6456
1343	11886
902	12757
902	12211
902	10549
902	10976
902	8923
902	11818
902	5755
902	9742
902	2869
902	11435
902	9353
902	11832
5330	10168
3586	8708
5002	13876
2715	12179
395	12370
734	8619
972	12633
3400	12065
504	12826
4982	8372
3600	11657
78	12843
539	13383
2666	13385
969	12146
969	12564
2235	12681
4091	10049
5206	11223
4091	2366
4900	12179
32	12341
1852	13253
1750	12460
2666	12647
48	7127
4461	6400
26	10885
26	4179
193	11656
193	11636
193	11633
193	11652
4268	14512
4636	12291
5327	12392
4110	14512
3514	14474
3514	12465
2183	14579
4432	11167
3450	12508
413	12887
413	10344
413	10510
413	4081
413	7597
413	14325
631	8021
1493	14515
302	159
4768	12035
3814	11426
3192	12280
3278	14170
266	12255
266	12056
266	13526
915	12651
3754	14204
5073	10031
4519	12564
2208	7535
3789	12968
1858	12647
4432	13383
4581	13383
4581	12575
3233	12333
1343	14474
3262	12353
3262	10711
2235	971
3789	8554
336	12304
336	12406
4721	12347
2539	11806
4756	14251
2539	7792
1249	12754
915	12678
199	8094
3540	12489
1550	14307
1411	9102
3385	12330
2515	12274
994	11433
5049	12065
3604	13478
2577	12412
1310	11474
4463	11468
702	13901
345	12761
3803	13888
4923	4092
409	12489
3601	12485
2199	12065
2553	12106
742	12297
742	14602
3892	3887
1725	13955
2427	5053
3601	8528
5453	7861
5453	189
5453	491
930	10577
1008	14307
2844	11935
1062	12826
3015	12447
1597	12417
1597	12320
1597	8153
1597	7936
1066	10228
2666	12401
2666	14354
274	14251
4167	12426
2567	12570
794	12285
669	14276
1933	12242
1771	8768
1933	13952
1933	4795
266	14594
1933	3330
5143	12342
3132	14036
2415	12573
4995	10989
336	12569
4241	10512
4241	13478
2659	12179
1933	9463
1933	9636
1933	11504
1933	9639
3578	12290
1157	14474
1933	3186
1933	13989
1933	10677
1933	4495
1933	11228
1933	9832
1157	12712
1933	10344
1933	10711
1933	4469
4259	11082
2801	2056
4259	14325
3785	12324
3785	12883
172	11863
2019	12404
5148	12290
2019	12708
2019	13253
1343	12697
5451	13282
4900	14307
3792	12235
3500	14232
4582	12267
1464	14251
1464	9233
1464	8718
3634	10821
3634	11050
4146	14198
518	12093
518	14307
518	12847
518	12177
4099	6004
4099	619
4099	6770
4099	5194
2418	2968
1419	12278
4903	12392
4907	13594
3906	12065
4710	12308
1206	12999
894	12863
4528	4137
4528	11243
4508	12697
1419	11268
1419	14087
405	12323
1559	12678
2068	8116
742	11879
3670	13952
1190	13990
5436	12065
5436	3368
5436	12025
2431	12730
2864	11223
1259	12678
2073	12304
4096	12403
1206	12461
4343	11738
77	11161
3098	11816
77	12368
77	9562
1761	12631
4519	12194
2883	12868
1927	11830
1927	5379
1927	4538
3899	13601
1927	10956
1927	11035
1927	10317
1927	9894
1927	9743
1927	11958
1927	11773
2481	12014
2035	14345
2157	13876
5195	14202
3048	1529
3048	5201
3048	13478
2299	3049
2892	12779
3754	12392
3032	14128
5327	12335
1559	11909
3754	13338
5148	12512
5148	12118
4956	12405
79	12641
604	14283
972	7493
1085	12321
161	7833
2212	12436
4280	6882
4280	10849
4280	7844
2028	12368
4280	8677
2028	11161
1647	10066
5346	2045
1597	9560
4478	8830
2292	11944
2433	12401
1852	12003
266	13594
2433	7373
2892	10998
2431	12346
2431	11741
3506	12461
451	12065
193	11640
2624	11648
5018	13937
5143	12452
2895	14232
2895	12569
3385	14534
889	12205
422	7245
889	12364
4768	10572
3385	14032
4830	6899
2433	11016
506	12687
2433	10733
4830	1302
4830	13478
2985	14208
2985	13383
341	10344
341	9148
4414	8692
4414	11344
2019	12712
2019	12398
1426	11636
5349	1288
5349	437
3025	11309
192	12813
192	11640
192	11633
3921	12338
5425	12209
931	12287
931	14537
931	7890
1702	13786
931	8123
969	13587
5049	11577
254	13601
5260	12421
2772	11693
37	11918
2033	12109
4625	11644
5105	3855
2412	12429
782	14151
4171	12297
3024	12261
336	14286
878	12569
4907	12323
3210	10437
3210	11204
3210	10832
3785	11592
3785	12176
3785	12447
2805	12438
2805	14206
388	12065
2525	4033
2540	12833
3897	1351
2586	11569
358	13601
3385	11576
3398	6404
4956	12892
657	1687
3385	14458
1919	12719
2019	12853
612	9804
1117	13876
1851	12811
4519	13825
2671	11920
5260	11850
320	1536
5260	14373
3819	11714
2864	12085
5172	12995
514	14251
764	14232
4829	12111
2719	12423
2719	7783
120	12261
2889	9306
4834	12065
3233	12471
1167	11569
1167	5526
1167	7448
1167	14251
3024	13601
200	10709
3540	11959
5269	12088
151	1543
151	8495
151	8488
4505	10692
1683	12461
4995	11800
748	8619
2094	12277
4414	10956
1197	12712
4414	8710
5032	11635
2478	11640
1493	13587
1519	12564
1519	12988
2019	14206
2019	11648
2019	12330
2283	12712
883	12489
5427	12697
79	12541
1812	14232
79	12592
79	11635
3423	13876
2500	14393
2044	9770
3863	9376
1160	12716
1249	11971
4317	11959
4941	12499
4116	11959
2431	12511
3030	11966
3030	12353
192	11291
1015	11869
2719	12447
2801	11150
4907	12447
2285	11063
2285	14210
5461	13375
5462	13375
4478	11994
4907	11909
4463	10168
4239	12399
418	12658
518	14552
4318	12305
4157	653
4157	1329
4157	4970
4157	923
4157	1133
4157	1972
4157	8729
4519	13414
3754	12178
405	14271
405	14190
1680	12052
1680	13627
5190	14033
3840	9742
1919	12810
1167	2023
1167	13155
3308	10772
5190	14488
4956	12793
3096	14515
3096	14235
1513	10989
2567	12753
2567	13876
4632	14354
4797	14021
4900	14474
1343	12085
1167	9496
1167	9906
794	14307
702	12290
1642	12228
1288	13362
4631	12544
4432	12870
595	10566
4219	14164
1341	11791
3213	11959
5340	12127
4599	12455
5340	12712
1302	14602
324	102
3811	14346
192	12764
172	12165
1160	14373
753	5575
2196	12726
2985	12983
2864	14170
2985	14307
3804	11959
1553	14437
1553	8091
3808	10502
3808	6002
2992	11994
969	13017
1243	12554
4107	7572
108	12580
1639	11654
3550	12770
193	12461
5450	9522
5450	14513
2044	14458
1008	12770
3785	14607
3785	12056
869	10989
772	10168
2974	9645
2974	9594
2974	9641
959	10956
1108	13411
1108	11403
665	13944
1773	10513
524	2270
4633	11107
3371	3823
3371	6737
3371	2765
3371	987
3371	1543
3371	5060
3371	9680
3371	6048
3371	7314
3371	10141
3371	14376
3605	12647
3371	6807
2914	14458
79	12427
4720	12340
4870	12716
4870	12817
4218	7648
4907	11302
3308	13437
5415	9067
5143	12366
5143	12309
1919	12370
5415	7494
5415	12517
5415	12065
5415	12267
5415	12029
5415	12753
2032	10189
2240	8800
3147	12488
969	12988
3255	11639
79	12431
79	11880
79	14198
3457	12970
1269	11737
518	14479
3767	13016
3540	12065
764	12439
764	12658
4508	12379
4995	8928
727	10666
3979	12383
4995	14576
3856	13627
4995	7480
4809	10396
2304	14474
2624	12179
2624	12539
4941	12662
1925	12438
1925	14206
2576	12793
3345	12065
1305	12951
3024	14208
4146	12165
193	13338
5172	13972
5172	14206
1967	13362
1872	13503
2590	12596
2590	5379
3180	10229
5206	14286
4636	9544
5206	11741
2914	14318
4824	7747
315	12690
1549	1368
2073	12399
280	3622
280	14463
2870	12360
909	10416
909	13444
909	2698
909	10078
909	14325
5260	12465
5260	12364
1128	12225
1919	12306
3605	13231
3605	11729
3785	12719
2577	12379
2460	12322
141	10637
1259	12871
4414	3822
4414	4550
4414	4188
4414	4899
1407	12754
4463	12733
5041	12430
3846	12675
2393	516
2158	12306
2158	12125
2500	12870
2158	12791
2568	10800
3382	7350
3382	10609
3382	12488
3382	5470
3382	11766
3382	11496
3382	9222
3382	4760
3382	7449
3382	6835
3382	5192
3382	9202
3382	8723
3382	11479
3382	9056
3382	8649
3382	9912
5180	12381
4248	9240
5180	12323
504	12773
504	14458
4297	9827
1678	11860
1678	14015
1678	11239
2666	13253
2051	8550
2051	10312
2051	3566
2051	6390
2051	10871
915	13601
2974	9643
2045	12761
4631	11631
336	14440
2500	12592
4911	13688
2590	6460
1485	12773
2590	11035
5454	11864
1818	11392
2590	4790
2590	2741
1639	12847
2590	8708
2270	13596
2590	9377
2590	10404
4225	12251
3233	14198
1974	8494
1974	8487
1974	3930
1974	1985
1974	10233
1974	2948
222	12427
1974	3432
1795	12427
3251	12900
3251	12357
1395	3759
1085	12481
1085	11708
5330	12678
794	12178
794	11280
4937	9856
794	12179
1893	9400
4248	11701
418	12922
1891	13990
4710	12261
1511	11735
4652	9099
3450	14232
4738	13073
1919	11757
1408	9565
229	12165
4225	12344
1407	14271
3088	12353
106	12026
106	8361
106	8428
113	13861
1167	901
2420	13688
1690	3425
1106	2437
4248	9677
2841	11654
2064	14067
2064	13876
1639	14354
948	10956
764	11730
764	14474
764	14283
5083	11069
2895	14440
3506	12908
5051	14474
1426	11631
1426	14318
5051	12687
2123	11161
4353	12481
764	13017
764	12850
4353	14288
4916	12488
2659	12695
869	14025
1079	11230
2985	14474
2364	11688
2364	12436
172	11223
3065	13109
5260	12110
1690	11328
2274	12671
5202	12176
2459	13340
5202	13743
2459	12213
3754	11911
2459	11937
2459	14208
3615	12109
2883	14552
1609	10711
5113	8841
1609	2807
1609	1303
1206	12392
1241	7348
5246	11654
1411	11864
2500	13156
2500	10592
1827	12868
4248	9995
2272	4715
1386	6466
3994	11935
3586	12320
3540	12656
1044	11864
3216	7122
3216	11331
1044	13338
1044	12452
4599	1535
2564	12412
2459	12214
1529	9120
3424	11759
172	12369
3328	13484
1493	12439
5233	11692
2064	11688
4167	13414
5260	12330
2624	11320
5260	12430
2212	12325
4609	11035
4452	13478
4609	12801
3266	12325
4633	10709
4633	12136
4633	9661
4633	10935
2280	11688
2280	12028
2280	12342
2280	9867
1919	13253
1831	11301
634	3987
3362	7393
3362	9698
5241	8711
5241	10039
5241	6656
5241	9085
5241	8262
5241	6156
5241	7902
5241	8706
5241	7575
2584	13435
3604	9240
3248	13921
4171	12465
4171	12369
4297	12173
3589	14585
3589	7904
3589	6447
4143	11354
4707	5584
3546	1579
4508	14318
113	4469
794	12564
5067	12995
1647	7306
677	12784
4056	4564
1559	14458
4258	12542
2540	13338
2540	13017
2280	12457
5289	12368
3014	12570
3014	1447
4068	14235
1216	8710
2864	11886
1682	13056
2500	12347
3143	12753
1515	14488
2500	13375
4581	13868
4167	10586
1928	12580
4167	13383
4225	12481
222	12793
4082	12467
4167	11293
4167	12511
172	14474
1343	13414
725	11967
1680	14318
1680	12288
1326	9929
1680	12309
1071	14364
3092	12198
504	12817
1425	12004
1425	12748
5009	5642
5009	4005
5009	2317
5009	1807
5009	8291
1114	9652
4353	12511
1157	14232
3484	12092
3500	12760
3235	4453
5032	12734
2280	10709
3437	9027
2280	11311
3550	13688
2280	11852
2280	9251
3578	13044
2949	13017
5454	11730
5454	12555
5454	12487
5454	12310
5454	12430
5454	13594
2493	12323
2013	2495
4349	12719
4519	12178
969	13414
969	13601
2892	12708
3448	11149
78	13972
97	13426
1423	10918
97	14462
1668	12316
1668	13973
1668	3518
1668	12277
97	11946
97	14576
731	13095
2892	12539
4318	12647
3921	4575
4318	12125
222	12297
190	12431
2280	7164
4318	12425
1559	13414
764	11633
4318	12236
5330	13521
0	7395
5330	12182
5330	14286
3389	6511
3389	11317
1184	14552
1184	11912
1184	12225
448	8629
3663	13044
1919	12708
1919	12530
504	8890
729	10903
729	6378
729	7503
2349	11151
2349	11604
2349	12086
3353	14206
5330	14462
2873	3057
3353	12392
3571	2535
486	11673
2256	1436
2864	14458
2256	8591
2256	41
4870	12421
4248	14555
418	11382
3457	14190
3457	13943
3385	13017
5436	6347
99	12489
3589	11272
161	691
161	692
161	7484
161	7226
3385	14389
1938	11886
2590	4658
1680	12764
2481	14061
1085	12868
275	14307
1206	12241
1206	11863
2180	13155
4167	11302
4167	13338
2411	8440
2524	14232
1852	11906
4589	12678
5260	12165
3483	11886
4167	13017
4167	9102
410	14489
4248	12171
878	13688
671	12580
4248	13952
3198	12764
410	14415
410	4538
1727	12895
4326	10711
3781	13592
4589	14307
2032	10479
3819	14208
3819	11411
1221	12412
4761	7765
1157	14458
742	12052
2253	13861
1221	12733
4599	12326
1679	12656
2412	14319
2821	584
2383	14061
2306	12489
2306	7535
5373	2934
229	12773
742	9102
4685	12287
4820	12739
5418	11909
4122	11379
1683	14235
4297	14325
1426	12113
125	12054
1683	11912
2274	12245
1683	12431
125	14361
1597	10922
4721	13133
2274	11236
586	9522
2274	12092
193	12369
1184	9989
1551	7566
4353	12113
4353	12860
4353	12112
4916	7782
4916	10567
3096	12647
5327	12718
1768	12528
1768	10716
4095	13221
2524	12868
2805	12868
2996	14335
4939	11959
4939	11966
4939	11967
2316	9844
3944	10026
2318	11942
1216	3040
1216	8021
1216	7092
1216	9659
4122	8460
4683	14299
448	8240
448	9932
448	5808
3622	12855
251	10980
2540	11280
2051	6975
3589	12753
4629	13478
3995	7138
4629	2673
504	14235
3486	10956
3486	10541
3486	10975
3201	11279
1493	12098
1157	13383
1051	13318
448	7074
1024	4503
1024	3035
1024	5523
1024	12864
2306	11632
2306	10367
4587	11199
5260	11711
4152	12478
12	11340
12	14285
3231	13684
3231	11376
3231	11606
3231	9561
2423	10186
1539	12824
4097	12309
792	12784
2656	5561
4248	13632
999	12793
3139	10601
3139	3350
3139	4829
1668	8623
5206	12748
31	1420
31	9482
172	14552
1953	1912
2026	11496
2026	11452
2026	9215
2026	10013
2026	9466
2026	7961
2026	9464
2026	9463
4040	1081
4040	4707
4040	8012
4040	6427
4040	10404
4040	7518
4040	10357
4040	8701
4040	10975
4040	7049
4040	10885
4040	4381
4040	9463
222	12251
4040	9462
4040	9127
4040	8708
4040	4538
4040	4658
4040	14325
4040	9128
657	14251
3282	10206
2046	13846
1765	12502
847	11301
5041	11711
847	12473
5041	12592
5041	12399
847	11756
4587	12499
3113	12508
783	8710
783	14436
783	676
847	8854
847	10173
783	7972
847	10580
783	2218
783	10830
847	13757
783	2042
783	9463
783	11035
783	10344
783	3461
5119	11499
783	1019
783	8488
3239	11608
3212	11019
3212	10923
5119	6186
847	11523
1485	12766
847	8711
847	12259
275	13017
3594	10510
3594	6665
3594	12912
4008	14199
4008	11103
847	11474
847	10306
4008	11217
4008	12030
847	7869
3961	11509
3961	4436
5051	12323
5330	12770
5106	12678
172	12678
172	12592
277	12065
1742	10943
3442	10414
458	12575
2500	12898
674	8648
2283	12621
458	13990
458	14462
4735	14602
1485	12574
2283	12734
2283	12511
2283	12310
2283	11711
1185	13448
1185	12041
1185	13896
1419	13253
4676	11976
4676	14232
32	14389
4676	14170
3540	11152
2283	12510
5	12113
840	3162
3500	13688
3505	12493
5453	816
5453	575
5453	1164
5453	950
5453	1227
5453	1676
229	12465
229	11952
3580	11748
5202	12447
2707	12632
658	10753
671	12637
1515	12326
2718	10980
2589	12479
4488	10980
539	13569
4122	14314
193	12179
193	12350
4629	11178
5227	8591
1919	12112
5227	1610
5227	304
5227	160
5227	6385
4589	12758
1441	14607
1441	13448
4563	13253
32	12758
5182	12141
3029	11634
200	13448
3611	11320
172	12995
4956	12586
3161	14091
1419	11711
1495	13378
1419	14607
1419	12758
5083	11965
4801	10592
5330	13338
3714	8382
5061	12326
200	12882
5061	11568
4353	12321
1185	13484
1302	13990
4718	12764
4167	12911
125	10711
4146	14288
125	9244
5206	12758
5206	12402
1100	2823
1100	7760
5475	14190
1100	11630
5202	12493
5202	12111
4673	12621
4673	12735
5050	12438
3153	11988
5475	12321
4907	13252
979	12030
783	9348
979	12197
979	10922
979	4431
979	11765
2555	11018
979	9184
979	8768
4900	12758
979	11795
979	11035
979	9306
979	7500
2481	12688
4907	14458
200	12413
4304	14235
5354	14381
702	11302
3360	11994
4754	10706
5444	11863
4698	14187
3297	13990
3297	13414
1629	12564
3297	12988
3709	10170
3297	12093
5330	12479
5330	11280
1419	12632
3506	12112
1419	13448
1419	14389
5330	11698
709	12113
709	11064
5335	12900
5335	10671
5335	11145
772	12868
2401	14190
2283	12833
4304	11436
2283	12812
119	6360
5202	14602
1795	13253
4550	13650
3309	13506
2892	11742
3233	12461
2892	12413
3233	11711
2555	11221
2555	11946
2555	10344
2301	7833
3412	12753
2566	12602
660	13793
172	12719
1095	12364
4261	14482
4300	11737
2836	12248
275	12758
5055	7389
5055	8270
161	10532
1602	11292
4563	11741
4563	12112
5370	2748
5370	2410
5370	371
114	14025
4050	12434
4587	12708
3779	12833
5202	12425
172	11635
172	13601
3233	12439
3724	12817
1833	14251
5353	14462
222	12464
5353	13569
3175	14190
1919	12398
4548	13846
3175	12261
4007	12592
781	8625
2792	2484
2792	7205
2792	11354
2792	3162
4237	12859
783	8833
783	9833
172	13252
2873	12346
5134	10502
4587	11912
1261	10886
1261	11209
4140	3158
4140	11362
4870	14607
5330	14389
5018	9233
2302	12648
5018	9833
5018	6176
2302	14590
43	11739
492	11032
4167	14223
1419	14307
1559	12871
1419	13338
5402	12353
5402	11959
2914	14223
4721	11912
783	6456
783	9215
783	3504
783	8294
2909	7866
49	2900
3500	12156
2757	8166
2757	11628
3385	13990
3150	12544
3150	13594
2301	9088
340	7838
340	11939
1109	14080
4155	12179
4155	13414
4155	13017
2794	12232
2794	11959
2794	10711
539	12764
3855	11149
2909	9742
2210	11852
2210	10120
4095	11733
2757	10806
2584	11001
2584	14325
2584	10709
2584	10956
3591	13443
5062	11497
295	5996
5062	12753
5062	8683
5062	7904
295	4179
4353	12871
1408	5416
2850	11436
504	12544
2850	12735
4900	12085
3998	14273
2073	12962
888	12065
3143	12674
3851	9613
3599	14389
2224	2838
683	13594
3297	12691
1833	10437
1833	9907
2837	9652
1511	12288
5206	13658
5206	12822
1511	13569
1157	9102
4060	14198
200	11382
1572	12367
5162	12997
2324	4033
2324	8166
2324	12353
2324	11966
2306	12154
3500	13120
2306	12108
2306	11085
107	12517
107	12542
107	12133
2547	12522
1419	13920
3550	11280
4134	10864
5438	12142
4237	13094
2282	12924
4548	12625
4548	12413
3937	8711
2026	1149
2026	1470
4154	9904
4154	4891
4154	7535
4154	12186
