4200	6053
2707	12817
172	12630
2850	12434
2850	12010
5444	13679
2650	13231
3420	11988
3420	9099
3420	9472
3420	12267
3420	11149
5016	12592
1780	12878
1906	12376
4519	12822
1015	12309
4824	7320
1376	12674
1376	14089
1376	12616
1376	12517
889	12564
3611	14326
1989	6902
812	10980
71	11581
3450	12894
2280	5944
2280	11282
3573	12880
1000	6854
125	9908
5475	12681
2283	12111
2283	12450
4420	12864
3218	12464
915	13594
3024	12344
1572	12430
1572	12591
1659	12962
1572	12398
3274	13652
4710	13113
5336	12735
5336	12620
5336	14190
539	12309
3424	12452
4067	14381
4773	12958
1802	12460
1802	10233
1802	11047
1802	9813
1802	10608
1802	8587
3921	12434
2624	11912
2601	11582
1519	12779
3291	12732
1602	7218
4237	9376
510	13478
4587	12870
4563	14246
4563	12398
1419	13414
1780	12997
2977	12545
3006	12906
1413	12248
2954	11599
2954	12430
2544	713
3921	14172
689	12962
3921	13784
2019	12819
3006	12346
119	13212
4535	12685
4535	13598
418	12646
4535	12404
1638	13672
61	12697
3424	12120
190	12689
190	14354
1638	12860
1852	13448
1852	12758
544	10237
1717	14534
3591	13581
4167	13044
4123	13253
4067	12779
4123	13293
3785	11953
4123	14602
1078	13658
5237	7306
2793	7942
4353	13594
3937	12855
3899	13658
4396	9026
4396	7122
4396	1474
5182	12874
1261	11152
1919	12625
1925	11745
4090	12653
1591	12761
1591	10999
2622	12653
1441	13878
2622	13054
2850	13031
2622	12621
2622	13626
2306	12787
2306	11363
2937	13120
1135	13490
3096	12492
3017	12525
1135	12674
1449	12653
783	8706
783	2670
1372	9202
783	9127
783	3961
1135	12542
3929	12859
3711	10779
3711	8766
3175	12681
4510	12513
3615	13205
5235	13253
3483	12052
5269	12660
4577	6315
2650	12689
5235	12905
1404	12758
3806	12143
5235	13276
3483	12342
4122	10311
1761	12646
577	6456
2977	12702
2977	12430
3274	12891
3925	14318
3822	12434
4237	13076
1785	13990
5143	13627
1785	13592
405	13062
405	12056
2757	12524
2757	13504
2757	14551
1419	14318
1419	12404
3006	12735
3415	12398
4563	12827
358	13688
3150	13056
5134	6675
5444	10752
5367	12685
802	12766
4983	12413
2688	13598
4673	12408
2688	12859
254	13688
1765	12558
2046	14235
1833	10990
2046	12392
2046	14607
5336	12922
2046	13250
3569	10711
5475	12482
544	10936
5237	8237
5260	12404
5237	9244
4625	12338
4625	11343
4625	12270
4625	10686
4625	7502
4137	7936
3376	13133
4903	12758
1135	13569
3424	12406
2210	14232
3153	12697
4067	12827
4067	12398
1206	12120
4897	13715
3466	13107
5151	12431
2494	12864
3248	12963
1337	12165
4736	11639
4736	12739
764	12178
1419	13051
764	13601
1164	6982
1164	2031
4955	12719
977	9244
5475	12402
977	9240
4492	12088
4492	12671
5475	12475
4492	11909
4492	12381
4958	12898
3385	12871
421	14036
3303	12404
3303	9507
3866	12257
222	12430
3152	5714
3152	9652
3937	12880
2302	12874
4089	12041
3937	12285
5202	12671
5202	14458
5202	12404
112	12842
5418	12147
5354	12625
3424	12447
3216	6472
3216	10844
3500	13414
3404	6854
2493	13205
832	14440
2537	13590
2837	12055
2837	12904
2837	11320
2837	8694
2837	10757
2837	3461
5340	13497
5438	14455
2272	10386
1078	12922
3974	12583
2541	13594
4067	13658
3218	13878
2541	12360
3218	12398
689	14316
689	11527
1441	12482
1216	7476
49	5364
49	3044
49	5201
2811	12864
1008	13594
1767	9157
1419	12452
137	11652
1572	13598
4625	4956
1572	14123
1572	14289
342	12404
1572	12539
1572	14381
4353	14438
5330	13378
3669	8332
3669	12536
3291	12653
3929	13293
458	12678
1110	11242
1110	10577
5370	1162
5417	11302
5370	6293
1872	12747
4058	13534
5370	1794
5370	12476
4393	11864
4589	13017
2987	10910
2987	9813
2987	8953
704	10438
704	5822
3550	13679
2659	12495
1734	12697
1734	12484
4297	12751
609	12398
181	12591
3376	14381
785	10838
5441	12631
5354	12695
181	12962
2302	12676
913	1924
2302	13784
96	639
4907	14223
96	530
96	967
4960	12779
4960	13591
4960	12621
4960	12312
1613	12889
4907	13414
4960	12474
4907	13688
4960	12670
1008	13497
4710	12880
296	11279
3740	14527
208	8462
4089	11937
3866	10783
4123	13113
4123	12658
1270	12874
2158	12833
1410	12448
1684	11436
1684	12010
5417	12522
1288	12412
4326	11252
4326	12215
3472	12895
96	1089
2836	9348
96	853
96	444
5115	11203
3929	12413
3006	13855
3239	14193
529	12997
1683	12692
3605	12764
683	12632
3605	13627
200	13598
3819	12118
3198	10154
802	12538
3152	7932
3424	12569
3288	12958
3288	12353
3288	10980
5018	7574
689	13056
3779	12297
1217	13052
969	11280
1270	13338
5032	13383
5032	12285
5032	11634
4090	12574
2918	5597
2044	12828
1419	12822
504	12452
862	9946
1572	14235
4068	14433
3150	12649
1765	13878
1919	12406
1595	12817
192	13113
4550	13047
2459	13965
4516	12506
501	12660
1639	12527
3929	12105
3291	12539
544	9224
3274	13855
4983	12859
3569	12895
709	10985
3615	12869
4067	13094
792	6498
2840	14364
215	11659
5330	12244
1572	13984
1572	12962
1041	11436
3656	9082
1441	13025
1441	13008
1041	12120
2032	10096
5371	12402
3921	12669
1780	13177
2209	13253
1780	14289
1436	13896
132	10721
1436	14150
658	12753
1491	12987
5202	12662
1419	13393
1419	12895
1419	12852
544	10935
323	12827
5441	13051
5441	13984
3175	13293
4900	13120
3319	12883
5134	10961
2864	12544
2210	13594
3550	12896
4208	10510
2302	12621
4208	10903
4208	8389
2302	13168
4208	2743
4123	12734
4208	4169
4208	3091
2760	8384
2760	8383
3380	12891
4208	11988
4208	6854
889	12178
2688	13005
5032	12813
5032	13658
5032	13276
4305	13078
2401	12566
1078	13051
3641	12738
4305	13264
5400	9147
4417	11118
863	10334
863	8708
863	8706
863	11118
863	11204
2895	12826
2895	12870
275	13679
5334	11708
5334	10244
1404	12988
5334	12272
5334	14331
4992	12735
4519	13679
142	12963
3514	14190
1419	14043
753	13185
137	11469
544	11452
544	10772
544	13886
544	13796
4117	12880
3505	12774
3274	12105
2540	12178
2282	14438
5333	12864
4167	14462
3513	13658
2073	14198
1511	12874
5441	12869
2584	12482
2567	12325
200	13001
1261	12870
5371	12924
1442	12430
1442	12141
4907	13242
2274	13054
4519	13855
106	9146
1572	12716
3350	11691
3350	11351
2524	12830
888	8166
888	14585
888	4530
888	7517
2740	475
5336	12929
3622	13276
5336	12408
4550	12558
3669	10649
4550	12997
3669	7777
2383	12574
544	9851
4231	11647
1270	12764
729	7595
729	8968
729	2872
5475	12989
5139	14190
5139	12297
5139	14063
631	8683
631	2431
5139	12427
5248	12551
3297	12794
2996	13988
3301	13990
200	13089
3291	13855
4264	12895
4264	13338
323	12906
1698	4600
1715	14433
4123	13658
3297	12430
3851	4111
5206	14389
2500	12328
2274	12951
2274	12882
3290	12766
1419	11314
1419	12266
4707	7679
1917	13688
1572	12735
1572	12906
5137	6159
2688	13040
2688	13268
1665	610
4264	13051
3856	12537
3856	13569
3856	12408
2837	11746
3724	11134
2837	3980
3787	9155
4463	12719
4228	12929
1765	12906
5446	12864
5446	11267
5325	11317
5446	8110
5446	9206
5147	13120
847	10711
847	12172
847	12174
3376	12653
5147	13722
4463	13601
1638	14223
1638	12512
1411	13378
4463	12554
5042	14458
5202	12988
4067	13025
3677	10546
4563	11878
4123	12430
2318	3383
4900	12946
4900	13110
2576	13178
2683	12867
2472	10757
2019	14043
4007	12658
4148	11719
1734	12527
689	13055
336	14224
3711	13113
3513	13793
3513	12514
4237	12808
4237	13658
2409	12261
2302	12482
5131	12430
1768	8431
5004	12895
3297	12813
2873	12828
5131	12398
764	12760
5371	13316
1008	9832
4508	13841
4353	13672
5038	13858
4353	12458
1419	12946
137	12708
1419	13046
1419	14572
2060	11226
4055	14462
3787	8445
4353	12344
2578	12860
3906	12742
3906	8709
3631	12550
3906	5231
3288	11810
2410	1722
5353	13134
4450	14043
3121	11919
5351	8507
5367	13414
5041	12822
1342	7025
5042	1554
2235	13001
2046	13203
1572	12718
1572	12826
5411	13004
5367	14224
3291	14224
3925	12392
2408	13658
1802	3886
4840	12705
4069	5037
813	6456
813	12751
813	11959
664	9844
2302	13988
5131	12676
3153	12582
2870	12510
2916	11835
2624	12956
3500	14224
3500	14043
5182	12892
3925	12689
3925	14433
2624	12586
4941	12779
2996	11983
2937	13855
3448	9832
422	11459
3309	11959
4007	13452
5438	13338
4067	12147
1524	12277
3591	12559
4960	12619
5049	8165
1981	10456
1981	4826
1981	9426
1981	10484
3822	12695
5330	12527
3822	12653
898	5811
1015	14224
5197	12739
75	10117
2129	12864
323	12735
1647	12913
1085	13497
323	12716
5475	12034
5258	14415
5475	12860
5143	13592
5143	12748
1155	12223
1780	13180
2537	12419
2537	12142
2470	12703
1411	13076
5340	12946
2890	13784
4323	13277
1727	14224
3937	12874
1727	13497
3622	14458
2000	13061
794	13985
4123	12541
3550	12946
504	12819
5258	9662
4162	10024
2887	11253
4453	12922
3301	12678
3380	13909
2459	12305
683	12413
3291	13001
515	13179
1698	9578
1655	10367
3233	14534
709	10224
2688	12839
330	11212
5441	13045
1419	14523
1419	13464
1419	12042
3274	12574
3274	13110
4123	9102
3822	13343
3218	13089
4237	12346
2302	12140
4492	13965
2150	14190
683	12646
2274	12027
3759	10980
342	12829
664	12946
2401	13277
2717	12677
4768	4706
91	12788
1686	12223
1686	14139
2225	11023
1686	8101
1914	11569
1765	12387
1765	12788
3096	14288
2418	13132
62	3591
62	3628
62	14325
1919	11899
1919	12282
1629	14458
336	14043
854	9391
5354	14224
2409	12223
4069	7048
5444	13868
2880	12771
3274	13045
5024	14525
336	14458
1717	13496
5024	13385
764	11469
3150	12901
1270	13003
3710	14572
3710	12819
3816	12061
5303	12864
137	14246
3697	14494
1008	12869
3697	13565
3697	14319
3697	13688
1168	4097
3697	12156
664	13120
61	13089
1419	13110
1419	12629
1419	13003
1419	13100
869	12676
869	12901
869	12125
4264	12826
1079	12729
5315	12551
5315	13103
5032	11407
3484	12988
5032	12748
5089	11589
3153	12926
5032	12678
2292	13301
4721	8979
5367	12382
2527	13117
1055	12544
3500	12822
1188	11688
5438	13045
5237	6586
5237	11473
5237	10404
5237	9216
5237	10711
5237	11040
587	12329
1055	13252
3353	12826
3353	14433
3044	13046
4548	12689
1339	13858
1479	4381
5441	14523
346	11216
689	13025
1270	13045
2985	11742
2302	9832
4735	13448
4735	12142
5243	14316
4735	13590
2302	13046
4485	12312
4589	13990
4179	11338
3266	12315
5148	13927
5148	14142
4977	11837
2921	13178
1827	12551
900	12424
1827	11364
5	13083
2312	10874
1931	13094
667	12673
2555	12320
5197	6512
5197	13147
4505	3037
2719	12946
4259	14381
2182	12215
2500	12528
5354	12629
5354	14184
4228	13343
5438	13029
2937	12929
1524	14335
2937	12946
4228	12653
3569	12817
2937	12901
3006	13398
5475	13535
3355	4709
3355	11360
200	13137
330	10983
4587	12917
3569	7756
4752	12842
1078	12702
1078	13343
4478	837
1744	13926
32	13083
3108	13658
501	13133
2659	12808
501	12632
2143	5574
5019	12917
4393	12134
1059	12191
2325	14458
5367	14043
4393	14593
1155	12891
4393	12012
5123	14306
5123	12891
2688	12390
5115	1412
5115	8265
3569	11698
689	14283
910	12432
1419	12927
1419	13398
4363	11886
4535	11878
5242	2056
4162	9863
1355	14282
2996	12929
2500	14156
653	9630
3380	13988
2383	13288
3896	12408
3006	12817
4123	14517
4123	12962
446	10956
2661	5877
1887	13784
227	11941
2325	13414
2541	11886
3929	13110
4237	12962
4237	13253
3573	9832
376	13134
4237	12502
949	12764
949	12855
4548	13059
4028	12105
5123	11075
5441	14572
2650	12176
2805	14458
3906	12570
5131	12413
142	13569
5195	12642
889	12988
4874	14572
1155	12629
5441	13003
2325	12829
702	12733
2302	13137
2302	13069
215	12096
4851	14572
5367	13988
5147	12758
4950	10566
5148	13484
2610	12327
1449	12688
1449	12828
4555	2881
3937	12748
3937	12793
4555	13534
3622	13569
2864	12855
1585	14308
3108	14517
794	14288
1931	12852
1931	13051
1931	13221
1931	13277
753	13736
275	12266
4299	9462
1341	13938
783	3529
783	10887
783	1924
5067	12432
2688	13496
4137	6774
4067	14448
3754	12479
2282	12346
1355	13416
582	12290
4900	12822
3890	14419
3890	12521
2500	11886
5019	11338
689	14572
785	13723
2128	13251
2028	10619
2028	3765
2631	13840
2872	9507
4641	12260
2872	14313
653	31
5330	13076
277	7303
277	12753
5202	12860
1715	14318
2489	7425
2489	8340
1765	12147
2046	13897
4255	12683
4255	10734
4255	8832
4255	10918
939	7636
227	12281
2198	13569
2198	12854
79	12112
3376	12839
1862	1763
4353	12389
2578	11474
2977	9548
2977	13133
3899	13321
4167	13277
4299	14280
1876	13386
3865	6853
285	11839
285	10577
285	9407
285	11662
285	10609
285	11113
285	11089
285	11149
285	11473
2325	11971
4123	13452
4299	12661
127	12911
5123	12134
4900	12632
4900	14043
4900	13464
4900	12896
3448	11826
4228	13303
2515	8431
5441	12828
1868	1534
5139	13100
5101	3271
4492	14602
200	13723
200	13452
200	12541
200	12681
200	12141
1055	13598
4393	12819
1985	12642
2880	13351
4123	13027
102	14246
4519	12946
102	14306
102	12692
2872	13452
4353	12034
1055	12807
161	689
1055	12891
1055	12499
3717	12290
1684	12629
1684	13416
4353	12548
1806	12143
1919	13897
466	13041
3710	13398
1155	13040
1155	14149
1765	13337
4512	11325
4223	13627
2235	14610
3816	12658
3219	6171
3219	8941
910	12410
2062	12471
3054	12987
3622	13134
3054	13303
1091	5184
226	12642
1091	9127
192	11912
376	13416
3438	12581
4198	12771
5018	3721
5018	14446
1862	14593
4587	8483
410	6542
3816	12369
4837	12483
5330	12640
1355	12125
226	12956
226	13250
908	9564
1559	12896
422	14316
683	13878
3611	12625
3611	12695
3297	12901
336	12838
657	1539
1155	14153
1015	13398
1686	13040
29	11802
4519	13398
3120	10887
1277	13858
2009	13861
5143	12052
1204	14008
4117	12481
3611	12390
4117	12869
4412	10978
5315	12712
91	12044
1382	13157
399	13248
3175	12640
987	11178
4900	13398
486	12172
486	14151
4273	12342
2889	3855
1373	13362
4198	13855
5326	12828
1277	13157
1277	14309
3126	12043
5237	4538
5237	3771
5125	6159
5237	2317
5237	7303
3483	13984
5206	11432
5206	12549
5206	14034
5237	8215
2468	11802
4127	12656
58	12055
263	12874
3865	7374
263	13627
5276	14289
1575	11802
2474	12946
5371	12895
4907	12929
1419	13897
486	13517
1906	12223
486	13569
4011	12956
486	12322
5354	13647
486	10293
4351	13027
2225	13423
4351	13061
2584	11432
200	12702
2173	13423
5243	13250
1288	12731
2937	13398
2325	14043
949	13654
3540	12985
4880	12734
4198	14129
5123	12917
222	13627
3068	13378
894	13042
1441	11075
1441	11753
1441	12874
2791	12658
4907	13335
1055	454
2602	12305
3714	13521
3571	12816
3591	14306
4431	12655
4431	12854
4431	11946
4022	13855
4028	14034
4028	12548
4028	12034
1765	13897
1572	13041
1833	12459
1449	12559
28	12642
2752	12386
2019	14184
4673	14051
1422	14061
1135	13054
1135	12827
1135	12766
1135	12716
1135	12408
5103	13372
345	14446
345	12325
2805	8890
705	12325
2662	12223
1204	14316
4921	13211
4097	13027
52	13452
1355	12771
4060	7833
1079	11577
1087	8591
5340	13398
1087	8946
5258	13947
1087	4890
5386	12868
3719	9518
2225	13303
2225	13041
4641	13627
2576	13164
336	12774
3781	13343
3816	12681
3006	12642
4239	12823
4179	12432
4179	12901
2872	13335
2383	13152
32	14150
2044	14358
2044	13137
164	9175
2325	14224
247	12327
4955	14389
5032	12892
1098	14367
466	13335
4432	13003
5075	14116
878	14593
3096	10568
574	10687
3921	12347
772	14458
4299	11802
3623	13484
5243	14129
4374	12162
3623	11741
1837	13321
794	12582
3863	12874
3937	13658
2030	13556
263	13087
949	12951
949	12661
2000	12658
2046	13320
4097	12591
3906	7445
1125	12784
2000	12901
1629	12896
2158	14593
2996	12449
4363	11802
3929	12917
4851	13056
4237	13897
4237	10568
2789	14592
3890	13855
226	12715
1752	11753
2046	13933
2805	12156
3863	12566
4643	11802
2996	12830
102	12715
2636	12408
91	11697
336	12533
3373	9552
2948	12884
2207	13626
1246	13452
1426	12184
546	12741
18	12631
18	12741
2173	12334
3050	13858
1575	14008
4409	10573
1419	13041
504	13723
1419	13501
660	11140
1493	13321
4011	14008
3064	1779
1316	11836
3064	3598
4941	12261
3717	13533
5162	14253
3108	13061
4374	13393
4223	12956
3819	13452
2752	11432
2752	12237
2752	13452
102	12575
172	14440
4198	13897
4373	13897
3108	13250
3816	11631
102	13098
2643	12732
2520	12774
2520	13654
29	12874
4080	12785
91	13277
30	12559
3981	14593
1948	12732
2559	5268
2046	13045
4738	14149
5152	13042
4198	13647
908	14122
316	12559
1088	14051
3602	5648
4643	13341
4011	12776
4643	13097
4478	10947
2794	14385
3890	10178
1836	12147
2794	13260
3357	11551
5152	12334
3792	12147
949	13091
949	13177
3937	11329
3937	14063
5004	13060
3611	14122
4011	13208
5144	12692
5429	10568
4011	12732
5429	13130
742	13569
1572	13422
3291	11314
1204	13029
1204	13320
1204	12806
1204	13045
3965	10914
5384	12334
3710	13897
4022	13393
308	13166
4034	7458
4067	14487
1185	13452
3603	14276
1146	11688
2515	13178
2873	13335
4632	13723
1639	11697
2520	13203
3132	5079
3054	12917
2459	12381
2459	12324
2459	12472
5415	6673
2459	12383
1110	12864
2459	12370
1015	13335
1192	13372
3899	12243
3672	13177
4198	13161
4548	12946
3921	14393
4752	13031
2150	12806
3550	14035
3376	12574
3921	14008
4011	11696
4478	10692
1686	13137
4078	12566
4078	13061
4078	12826
3865	13005
3861	10998
3921	12288
709	13585
4878	13089
2913	10491
2500	13897
5019	12334
709	13060
4022	13320
2409	12441
4721	13398
2497	13161
2173	14280
4104	11310
2009	13371
5032	11075
5032	11329
4950	13166
683	13250
1163	9652
3714	13371
5367	13398
4323	12989
4069	660
1204	14523
1337	12434
786	14091
786	12215
786	12768
786	14362
651	7493
3569	12806
3054	13317
1837	13538
1088	13168
3765	11482
3765	10989
3260	13658
3765	10956
4179	14572
160	11710
3765	13581
160	13371
2490	12184
2864	12426
2490	12529
3174	11755
2892	12865
2982	7471
2982	2259
760	13089
2982	14341
5250	12436
1715	14204
1110	12488
102	12716
864	8166
5266	11610
102	12821
3042	14036
102	12688
3042	13032
1355	13314
3042	11033
5211	12431
3789	13356
4488	13149
2921	13855
908	13490
2207	11808
5144	12120
2722	12870
1948	12631
1948	13288
2744	13658
3426	1325
3426	1029
3426	7830
3426	1681
3426	781
3426	1462
3426	1306
3426	1227
1572	12840
4643	12631
1572	12755
2651	13111
2651	13070
2688	13988
2688	12869
137	12428
4237	13723
1204	13501
114	12215
3981	12685
1413	13680
2769	10191
4078	12882
5336	13005
2490	14204
359	14083
5336	12806
3573	13123
2791	13027
4198	12249
251	13879
1728	8163
1836	13658
1728	10316
1542	13423
3072	5800
3072	10674
1413	11943
1441	13594
1441	12735
2633	11337
18	11224
1887	12732
4011	12191
2662	13130
4564	13120
410	13317
355	5424
4198	13501
4988	13371
355	12607
355	9283
1168	2411
5080	11802
2725	13091
2725	13177
5123	12946
5123	12700
18	10929
1166	8718
18	11320
5125	9213
18	11257
18	11493
5385	14523
2158	12142
5385	13464
1166	9698
2985	12090
2985	12237
4574	13045
5048	13598
5048	12419
5131	13277
3792	14116
2744	12562
4959	12700
388	13879
5397	13273
4239	14315
908	13143
4239	12826
4239	12566
3445	12713
1969	14436
323	12534
2173	13556
323	13045
1948	13423
894	12942
1413	13585
3096	14517
3096	13423
3096	13672
1919	12446
1734	13723
4374	13466
2158	13658
2158	13423
2158	12477
546	12618
3108	14476
3611	12991
4374	13366
3054	12886
32	12734
815	8211
3108	12806
336	12840
1453	13000
1135	12956
1386	12727
3279	12828
376	10382
3279	13130
3279	13897
5075	13161
4363	13310
3311	12700
4519	13647
3649	13581
2752	12793
4587	12484
4519	13501
3649	8417
2877	13159
4801	13398
2126	12503
3207	1126
4519	13161
3448	12913
28	14289
28	12105
2744	14233
5041	14092
4567	12776
1361	14458
3540	12315
1863	10294
1204	13314
3149	12432
3672	13316
2831	10451
2831	12633
2831	11659
2831	12360
2831	12636
4916	10980
2474	14035
908	14610
975	13314
4293	12876
5080	13229
1542	13627
1542	13086
1836	13005
5235	13187
3091	10956
3091	12626
3091	13627
3091	11624
3091	10982
3091	6665
3091	14615
3436	11878
3091	7902
3436	8165
5125	6606
131	13938
131	11946
131	10096
1781	12642
4330	12840
3445	12840
1575	13658
5144	12695
4022	12620
4022	12685
3710	13130
4351	13501
2937	13501
2937	13161
2302	13288
2302	14153
2937	14035
2937	13464
4028	12650
227	12399
5367	13045
3379	13246
5182	12748
5182	12541
5182	14517
5182	12389
3210	8708
3445	12851
102	13288
2387	13097
2352	13325
5259	14228
4160	1905
18	12700
4563	12766
2996	11734
102	12899
2352	13658
1329	13187
3591	13000
5385	13098
949	11736
1401	12932
3865	8483
2128	11848
2688	13053
908	12184
388	1130
3379	11802
4587	12408
829	14610
4902	13157
1629	12685
1442	11338
2961	12034
2387	11802
5429	14610
2235	14547
3863	13393
5384	14523
3076	14489
2791	13556
288	12629
254	13187
3108	13041
4900	13476
2688	12449
265	7275
10	12184
265	10102
265	8596
265	106
4574	12060
265	9867
265	7527
2688	12464
908	13187
3719	12776
3719	13208
4880	12939
3865	13830
2895	12298
1572	13322
4831	13275
263	14610
1422	13401
2030	14228
1572	13121
2030	13091
1572	12127
3301	10566
2173	13293
2950	12200
1419	13099
1521	11400
2173	13366
4880	12948
1261	14280
1862	13897
1862	13501
91	13366
91	12939
2046	12481
2860	12946
3863	12044
3863	13335
2021	12823
5115	6903
5115	1673
3863	12897
5115	9377
18	14116
226	12147
653	167
653	99
653	1918
3400	4932
4880	12943
4295	12548
4299	13556
4880	12910
1517	13556
2540	14092
1540	11606
1540	9148
1540	12442
1540	11771
1540	5345
1540	4784
1540	6500
2979	12448
3890	13161
3666	12246
1604	13468
2150	12620
3553	13157
3569	14035
2490	13423
2864	12527
2864	13134
2864	12484
2877	12743
4733	14533
4733	9077
4733	7312
4733	10606
609	14253
4733	12809
4733	5146
4733	10526
4733	1794
4733	7928
4733	5432
3672	12361
1836	13070
3500	13476
3376	13208
3376	13268
4097	13569
1401	13371
2046	12389
3448	12943
263	12823
889	12758
91	9917
1717	13341
3149	11753
4146	12545
2302	13476
1242	14575
3176	13286
2017	11652
3484	12245
4122	13467
4122	5507
5235	12943
4087	3020
4087	13424
3017	12184
4741	13464
2401	13054
1575	13197
2401	13001
127	14061
127	13098
2302	12223
2761	12945
3108	12147
1752	12939
197	10372
2046	12042
197	8166
450	13069
2530	14312
794	13070
197	454
5475	12529
4548	13855
5147	12093
4199	5764
4564	13321
2791	12681
5336	9235
1290	12361
5336	13366
2046	14153
2046	12807
4374	14051
4363	10752
4783	12377
1441	13031
4657	13388
1441	13052
3866	12737
4237	13053
2403	12451
2403	13102
2403	11688
5292	11251
5292	8166
5292	8142
5292	8509
1572	13159
1429	12603
4198	13835
1429	11532
546	13233
2751	6242
1429	8757
1429	5314
1429	12371
288	13398
2520	12410
5	13535
949	11734
5080	12527
4900	14035
3865	14383
2225	12888
664	13398
3611	12408
4554	13855
4752	12715
4548	14129
4752	12956
4554	13275
1041	13045
29	14153
3291	12114
5276	13005
1407	14235
1407	11436
3350	12212
3540	12635
1774	14289
2996	12548
5276	13098
4662	14132
5078	12807
4888	8584
4346	12902
4346	11946
1329	14129
28	12625
512	13006
3899	13045
915	13378
1668	6484
1668	9004
4179	12891
1407	12350
3881	11040
4179	13040
4179	12147
4535	14383
4535	12688
4535	12509
1206	13025
1386	12636
2220	13535
1407	13594
3373	13375
3373	12675
3720	13858
910	12926
5080	11696
4890	13693
965	3144
160	12995
5078	14610
2520	12509
1832	13113
4198	13868
2744	13465
2058	12580
2058	12570
4143	13506
4143	3092
4143	2830
1194	14502
3279	13187
2725	13560
1210	12643
2996	13183
3921	13234
4184	5976
2021	14476
908	12995
5385	13398
1832	12735
1832	12806
1419	13835
5259	12042
1419	13161
1419	14480
1419	13855
237	14497
4765	13081
2210	12621
5211	12926
3653	12943
4774	14489
3743	14153
5075	13501
5004	12813
3569	13855
1872	11965
4190	12851
1419	13868
1419	12797
2845	12246
3981	13088
450	13188
127	12778
1686	13744
3468	1224
3468	1412
5276	12581
3468	11693
4022	12510
4022	13868
4374	12361
4022	13388
4022	13835
4022	13398
4022	12856
4022	12024
2383	14116
2046	12534
197	14592
197	10753
1948	12741
2550	11696
197	7562
197	14251
2383	12151
197	14312
57	14382
57	8514
57	11035
3653	12926
3653	12937
3653	12947
3653	12923
3653	12939
197	1849
3765	12565
3415	13416
854	8644
4305	13231
5451	13398
2769	7736
5152	13535
1524	13188
4011	12927
848	12435
4090	12927
4011	13388
5152	13068
2725	12010
1234	13157
4198	11336
1041	13401
1817	12657
1817	454
192	14223
5068	12884
2128	13393
1441	13159
4735	12688
3653	12941
3653	12938
4735	12625
4735	12827
4735	12574
3653	12945
5259	12527
4735	12120
4735	14448
3103	1260
3653	12948
4735	12539
1268	11907
2752	12549
18	14289
1246	12743
18	13152
4198	12451
2408	12090
486	12884
2515	11432
486	11340
4563	12741
4393	12941
323	13208
2474	13161
2431	13113
4508	13476
1015	13868
3771	9145
3083	7241
159	12347
4641	12348
5330	13618
1774	13337
1170	10302
3710	13270
1100	10853
2769	12271
1919	13261
2769	4527
4237	13560
2550	13152
1517	14547
2608	10288
915	11696
2608	11848
1252	14448
3034	8741
3034	3022
3034	6941
3034	3231
4374	12995
802	12625
2468	13366
848	12967
1252	12042
3906	14446
3906	7660
102	12843
4011	12494
4673	12793
102	14149
4011	14149
2490	13947
664	13524
1407	13419
4011	12714
1407	12575
251	12837
2705	11340
5018	12737
5018	4538
673	11995
4078	13091
5041	12962
4248	5502
342	13398
4768	9816
3653	12925
3506	12943
3506	12947
3108	13468
5080	14289
686	13398
4022	13270
4022	13470
1290	11973
3822	12688
4488	12837
4011	14530
5385	12797
1484	12325
1484	12065
4744	13977
2744	12797
2302	12407
1484	11959
3436	13098
709	12502
3502	14119
2500	13246
3719	14132
3436	12249
3502	11973
4744	13311
30	14119
4508	12714
4508	12625
1401	14119
1572	14246
4	5728
1572	12714
127	13736
1015	13712
5384	13388
5032	13627
112	11697
114	11548
112	12808
2046	12568
112	10568
4941	12995
4146	13083
1186	14149
3186	12913
1290	12419
3502	14289
1329	14476
102	12618
4940	11795
1914	10753
1135	14051
2719	13744
5162	12688
5162	13080
2032	13091
3450	12708
286	12239
229	11704
1668	8215
1668	12337
3399	11959
4302	10598
4292	12635
3906	12837
3855	12315
4351	14612
4351	13183
5144	14381
2198	13112
2550	12618
5133	12407
2416	12623
5385	13868
2514	11965
4022	12797
2514	11379
546	14478
3972	12741
557	12246
160	11432
3627	13524
2297	11480
4567	14504
1766	12787
2726	10956
2726	11959
3865	11696
1270	12941
2322	13524
723	14280
2150	13068
2933	14446
2173	13535
4643	13771
3484	13596
709	14342
4567	14153
2540	13110
1900	1722
3484	12146
3981	14381
3006	13868
2761	12925
3930	12837
4800	13056
2524	14149
3501	12184
1904	7519
1904	9058
4535	13712
28	12042
3714	13091
2126	13195
1872	14415
2068	12435
3569	12885
2497	13255
5011	2110
2811	14476
2937	12319
5081	12729
5081	11855
5081	11217
5081	13894
5081	11207
2937	13835
5081	10280
5081	9861
5081	9580
5081	11216
5081	10991
4519	13835
4851	13560
672	13155
5451	14480
1887	12899
2937	13712
3276	12550
3742	9490
559	12909
3502	12386
5385	13835
829	13897
4022	12449
4022	12302
4632	13335
1453	14034
4022	13712
4632	13100
4028	13280
1771	7511
3558	8353
1419	13712
3558	12668
4206	13855
10	12917
5067	13452
3551	12967
1449	13378
3710	14582
3710	12921
575	13029
5050	11910
2602	13723
3513	13535
4264	12819
1013	13835
1013	12347
1305	12649
1217	5800
323	10414
1305	12947
1204	13868
2082	14116
1204	14582
323	12714
323	12933
2610	14200
323	12576
466	12629
29	13069
466	13159
1305	13736
5104	13784
5038	12993
1774	14149
2150	14119
5340	13161
3186	10686
5032	13235
1604	13099
1932	3665
1604	12718
653	25
868	14123
3096	12449
4734	14223
4248	14200
3501	13188
3501	14051
5475	12233
2490	11734
5367	14480
5080	12718
2769	6693
2769	3898
2769	5459
2218	14192
2769	6875
2218	11122
4050	12956
4050	12715
2880	13947
4178	13111
4178	12848
4097	13235
4178	12718
2500	13236
2500	13142
2647	5307
3218	12806
2996	12302
4831	13744
3863	13868
4472	7049
5330	13855
3126	12486
3672	14504
2046	13241
2046	12701
3500	13868
5080	13897
4726	14555
709	13203
4959	12249
4959	13736
504	13187
3558	820
3558	344
3558	831
975	12549
3558	1267
3558	3570
1186	12701
4330	13208
3558	4989
3558	6105
3558	76
3558	351
4765	14200
3558	148
3558	149
3558	167
3505	12669
501	13029
2345	14122
1210	13737
4673	12695
4492	11911
4673	13712
3540	13333
2474	12807
3540	12634
3514	12438
3514	12428
1041	12688
3176	13174
2210	12534
2207	5846
2019	13712
2019	5800
2019	12302
3260	13069
3303	13712
4292	7278
4178	12549
802	12701
410	14476
2643	12377
910	12995
4223	14480
2810	12841
910	11075
3500	13712
3666	12311
3666	14036
3666	10001
3856	10579
2282	12905
3054	13283
3500	5800
324	5249
2490	13897
4783	13080
3792	14154
2490	12044
1765	13068
3468	1553
3865	11849
803	13102
2515	13006
557	10989
4162	12713
275	13855
753	12548
753	12893
753	12759
3792	13470
1329	14099
908	13585
4834	13798
1836	13235
1872	14036
705	10818
5056	13316
4120	13288
1393	14129
4162	13414
1393	12893
5259	14062
4162	13897
854	8163
1393	14099
854	10898
1393	12044
908	14051
3445	13183
5131	12350
4335	12865
4992	14204
1157	14224
5429	13188
2594	13989
2594	12252
1774	12010
2150	13452
975	13089
4353	12044
3357	12266
4030	11478
1015	14480
3921	14475
5276	14149
3921	12743
4228	12774
521	12475
3108	13501
5182	13524
1893	13868
1893	14446
1893	11474
3108	13029
3611	13712
4299	12841
3863	12797
2383	14149
999	12358
5237	7168
3218	13366
4179	14204
1014	12872
3239	12032
546	14530
949	12558
949	12386
949	13111
2550	14149
1243	14204
3291	13476
3291	12714
3149	12780
1054	14099
4198	14582
3573	12937
2220	13130
5215	13161
288	13161
5032	12847
2325	13618
1329	13161
1419	14458
1419	13447
2416	12701
4022	13447
1261	14504
3863	10711
764	14458
1572	12408
4870	13378
546	13682
1572	12928
910	12919
4491	12592
1655	12966
910	14074
4123	12545
2474	14253
2302	12928
1925	12252
2302	12650
61	12285
4143	9491
4143	3948
5441	13618
760	13099
3865	13317
1383	11001
3555	12837
2387	13288
4305	12822
787	9502
2860	13188
4146	12919
4146	12139
4146	14204
3863	13897
1517	12527
3209	12417
2594	10998
376	13499
4625	12581
4625	12642
4625	12827
2594	7556
5243	13317
4000	14235
2921	12629
5441	13712
1542	13087
4227	7627
2482	13317
4227	11813
4227	11018
4227	9127
4227	11035
3861	13554
4227	11318
4227	11988
4227	9215
5336	12269
4011	13496
1252	12386
3260	13830
1411	13277
1839	11973
196	12635
323	11648
323	12807
2299	11959
288	14147
5	12525
5	14561
5123	12959
501	13091
450	13501
1931	13868
764	12179
2722	10568
5182	14122
5182	12334
548	12157
1013	13235
3290	14289
501	14119
3863	13130
3591	14478
2220	13161
2209	12937
4589	13133
5182	12481
3591	13099
5182	14034
3591	12200
5182	13243
894	13401
709	14487
1008	13618
5004	13246
4508	12114
3719	12796
2173	12386
3540	11948
1701	13111
3719	14083
3719	13682
2757	13098
1160	11280
1765	12157
3839	13241
546	12581
5243	13830
4000	12398
2490	14310
4067	12558
4535	13143
4535	14122
4000	12928
4539	10956
2019	13947
1887	12335
4003	12534
2459	13242
1252	13054
1252	14099
1135	14083
4589	12502
2314	13002
1135	13337
4291	11948
5075	13712
3863	12151
2969	13293
1419	11499
3603	11076
3147	12884
2921	12823
3353	14458
78	12714
2490	13036
4167	12874
3608	14147
4167	13069
4548	9376
4587	11499
4587	12995
1774	13143
3175	12269
2969	12923
3890	13398
2150	14280
2150	12237
709	13270
2515	13110
316	13088
5152	14037
3311	13868
316	13154
1054	14228
1629	13432
4248	5838
316	13283
3865	14315
504	14119
3822	12732
2794	12274
1906	14116
3822	12991
4878	14476
1419	14582
5385	13073
1925	13027
3865	13304
1419	13432
3260	13351
753	13947
358	11499
5195	13261
5385	13501
4056	10165
2470	13452
2470	10569
2168	10365
5385	13447
1462	13304
2540	12369
1559	13855
4612	13560
4612	13325
4983	14147
4567	14496
3051	11401
4599	12054
5104	12493
5104	12688
1478	5192
1478	7852
1478	3721
1478	12674
1478	11880
3658	9147
5125	12076
3083	14605
3083	10943
3083	11819
3083	12787
3083	10549
4022	13257
4022	12865
61	12898
5482	12945
3513	13023
3513	13627
3513	13183
2497	14458
5376	8624
5376	12051
5376	12368
1575	13422
3260	13556
5451	13432
4097	12764
3392	14204
518	13161
2210	13618
4143	3162
4143	6774
3186	9343
4120	10996
5376	9371
5376	434
2789	11313
5376	4191
5376	8282
3573	12704
3573	13086
5376	13443
316	12994
3448	13304
316	14074
2537	13287
2537	12853
2537	14289
4488	11948
1836	14154
4643	12200
4080	12361
4657	13315
908	14380
1877	11948
4657	13405
2550	12796
5	12893
2587	13366
4665	12868
5144	12821
5469	10568
4022	14147
5195	14246
3863	14523
4950	7685
159	13097
159	14228
4983	13094
4710	12369
1261	11274
5165	13133
1261	12139
5331	13507
1833	11639
5441	12481
748	13398
1098	12347
5125	2368
2715	13647
2202	12065
1559	13826
3501	13143
2921	12995
4661	14184
1270	13476
3255	13378
4335	13036
2320	9522
4240	1940
4240	2423
4240	1402
4240	1793
4240	1666
4240	1714
4240	1234
4240	429
4240	6593
4240	1972
4240	1445
4240	876
4240	519
4240	410
4240	1004
4240	1029
4240	888
4240	723
4240	402
4240	549
410	14099
1329	13188
4351	14582
2527	11948
740	10173
740	11672
2811	12525
740	9890
2325	13868
740	9764
748	13161
740	3491
5367	13712
2274	12661
1678	13059
58	10832
1720	12342
1720	12854
3513	12932
3513	12917
3626	6207
3626	6884
1088	14150
18	14530
967	11338
4351	14216
967	11329
967	12793
512	13524
1186	13287
3150	13947
4260	4074
1502	10686
4752	12708
2880	14228
2880	13002
2880	13422
2880	11338
5123	13111
2006	10870
4643	10573
3272	13390
4198	14216
4120	13499
233	6141
1383	11948
2643	14116
3758	4033
2302	12780
1572	13618
3758	6481
3758	5361
3758	8062
3758	12832
3758	6116
3758	11594
3758	8586
3758	8216
3758	2258
3758	8730
3758	6918
3758	7655
3758	9097
3758	9262
3758	9886
3758	10515
3758	7830
3758	5249
1422	13152
4110	12884
3672	12778
418	10598
4193	9435
5284	12935
4992	11223
760	13243
760	13723
4907	13241
760	14099
3303	13647
949	12793
2950	13422
949	13054
1959	14228
3006	13538
497	11023
5368	11948
5368	9652
497	12793
1710	13097
4167	13618
609	13947
1522	11418
966	10197
4535	12625
4067	12981
5019	12432
5019	12441
485	13984
5019	13134
2149	13947
967	12857
4178	12907
967	14325
967	10956
967	8708
5475	14225
4178	12649
4178	13371
1765	12928
4198	12950
2030	13143
3304	4273
2468	13181
3304	8267
1999	8687
5153	13405
3206	12666
3304	1237
3304	2064
3304	2110
3304	1498
3304	1645
3304	1535
3304	8022
2861	12285
4439	3294
4439	7245
4439	4386
4439	6588
4439	1021
3878	12954
4439	9038
4439	394
4439	3552
4439	971
387	11516
288	13255
5068	12863
29	12807
29	14289
3865	14212
2468	13341
5408	5305
2474	13447
2864	12911
593	9016
450	13099
2150	13006
1155	13181
3970	13226
450	12527
755	12538
4439	11808
4439	4040
4439	3054
967	13466
4439	3060
2325	13497
2610	13226
4179	13682
5056	14150
4439	10402
497	12948
5153	11849
4574	13073
4439	482
4439	5877
1197	12841
686	12806
4439	3601
4439	8424
716	13276
1698	2270
5041	10419
1054	13195
4052	13973
3591	12928
3981	13351
4330	12956
4330	11516
3436	14517
1572	12576
1629	13835
1701	14504
4744	12639
3787	12729
2921	13933
4330	12886
3274	14216
2433	13006
5032	12855
5032	12764
915	12191
5032	12527
5032	13341
5032	12788
5032	13378
5032	12475
2478	13826
4067	13372
5032	12897
5032	13990
412	7679
5032	13793
5032	13087
770	13535
3699	960
5032	12367
5032	14235
5032	13385
1984	12133
3863	14480
1984	1008
3368	9470
3424	11941
2352	13771
2352	13551
4120	14116
4783	12796
493	13006
2352	13535
493	12386
493	8986
493	14383
493	14315
5018	9652
1436	13868
4666	11985
5032	14462
3477	12854
4022	13984
848	11948
4666	11994
4567	13316
2877	12796
3822	12567
1928	12783
3176	11973
4564	14035
1436	12481
5441	14458
3248	13984
418	4141
3948	13489
4959	12269
3119	13446
387	13952
5032	12506
2474	14582
2401	12663
1572	12701
4206	11499
3501	13447
2474	13143
1309	8120
1349	2347
4849	13006
4849	13197
1210	14452
1699	3453
1699	14325
4535	13270
3571	14099
4030	13063
1852	14496
3571	13099
5032	13134
1517	14228
5032	11640
5032	13587
4078	13006
1186	12582
1186	12889
4078	14051
1186	12741
5032	13062
2281	11959
5415	13333
5415	12329
5415	10484
2791	14380
3586	9462
450	13006
3484	12564
3602	81
3602	714
3602	76
3602	97
5041	13254
3602	82
5041	12653
5139	13089
358	13947
5041	14153
5041	13393
5041	13143
5041	13183
2135	11688
5041	14228
5041	14235
5041	12514
5041	12358
5041	14397
5041	12826
5041	12658
5041	13422
4123	11274
1493	13130
1270	14342
1524	13158
3672	14119
3672	13158
2937	13447
2996	13158
2937	13432
1329	14550
967	13158
2841	12207
5010	12847
3863	14129
2325	12302
5032	9277
127	12650
5235	10568
5235	13099
3382	12944
5153	11274
5032	13097
5032	13569
5032	12671
5032	12214
5032	12057
2877	12838
4629	12862
3765	8711
1678	13826
4666	9099
4666	9804
1595	13569
5206	12386
5206	13261
753	9910
4063	12648
5058	3747
1419	14058
1419	12803
1419	13689
2468	12090
1419	12950
2468	13689
336	5800
709	10568
5041	14458
5041	12297
5041	14294
3392	12995
2921	12897
5041	13293
5041	12620
5041	12681
5041	14190
5041	11747
5041	12141
5041	14517
5041	14602
4508	14458
2589	13601
4353	14487
5	13118
390	11948
4874	14381
5104	12434
5248	12567
1186	12766
4363	13176
2811	11266
3101	9216
1535	13023
1535	12045
1166	5478
414	13431
119	14466
4190	13072
1825	11320
1825	14125
263	12184
4117	12576
4117	13345
4117	11648
4117	13287
4223	12621
4117	14212
1575	13184
1984	13104
1485	13057
2135	12768
4080	14074
2604	11948
1078	13419
1329	12950
1329	13403
5385	13275
5385	12950
3290	14119
2325	13447
512	12932
3863	14058
5056	13317
5056	13002
2178	10974
2178	5467
2178	9547
1602	9481
2178	10456
1602	830
1602	98
1602	28
497	12941
1261	12558
4533	13215
1683	12421
3357	12574
5308	13498
5308	12353
5308	7792
4178	11159
1261	13063
1261	13111
4178	13072
3357	13339
3108	12778
3108	13470
4192	1535
3611	13388
396	12517
396	11948
1825	10000
1825	12322
1825	11376
3024	13984
2565	5361
2565	14325
2565	8757
2565	7367
2565	10567
2565	2797
2565	1243
2565	6785
2565	9097
2565	9438
5080	13422
1484	13183
4351	13947
1752	13154
5080	13984
5080	13072
5206	12797
4353	12620
2520	13182
3108	12361
165	13082
1839	12796
2387	14289
4067	13484
4907	12114
4295	12200
3436	14116
5010	11843
5080	13947
5010	13252
4548	13249
753	14122
3608	13340
3608	14280
1818	12940
3608	12203
3608	13760
5384	13036
4177	12940
119	12884
1088	13830
1088	13118
4080	12151
2643	12581
2202	7518
2202	2120
1591	12065
1591	13148
1591	8649
1524	12562
2180	13977
2180	12884
3301	13253
1959	13326
521	10573
1575	13118
966	12006
5276	13042
1734	13176
1734	13689
4146	13826
4146	11734
4146	8483
4146	11849
4146	13158
2719	13855
4351	13388
28	12928
5276	13322
4363	13181
2046	12835
5259	14582
4363	14476
4363	13183
2220	12803
5259	12803
898	9461
2474	12725
3149	14058
1317	13112
908	13118
4080	12139
1984	12489
1984	549
1984	1459
5056	13063
1261	13524
1261	9910
3007	8734
3272	12280
2744	14550
4011	13067
967	13174
967	13574
160	13427
2589	12475
2589	12663
801	12965
3445	13184
2770	1106
2770	2291
4612	12718
2490	13601
1401	12269
4554	5800
4554	12302
571	13243
4554	14172
1572	13431
709	13118
5153	14074
4519	12950
252	2761
4554	12660
252	2684
252	2696
709	12869
4554	14480
252	11795
252	2697
2830	4115
7	10836
4519	13447
29	13181
1271	13064
29	14083
1724	10709
1724	2492
3076	10170
5075	12950
5075	12803
5075	13037
1647	12666
2823	12893
3209	14502
1305	12138
3357	12827
4662	13601
2361	13632
1517	13315
3500	9910
3500	13618
4198	13388
4535	14478
4535	11648
4738	13662
4273	14462
836	12618
4112	7979
5237	10818
5237	9241
1607	11731
3424	14235
1206	14417
1329	13184
4710	12835
1607	10333
1271	13487
2210	13712
4492	13252
1204	14216
1465	13354
1683	13082
229	10573
1607	13524
1680	13229
4198	14426
4710	12850
5438	12925
4666	13004
5438	13261
908	13381
4710	14150
102	13080
4628	9478
2564	13070
4673	13203
1095	12995
3126	13487
3303	13398
3126	12709
5041	12621
3303	13388
836	13317
1206	12369
2671	12245
5258	12991
2671	12092
1607	11001
1607	14338
1812	14170
1812	14223
1684	11432
4492	13830
5292	12634
5292	12246
165	14302
342	13712
165	13152
4206	11982
165	14154
2864	12913
2864	11802
2325	13067
1419	9910
1419	13601
1419	13257
1684	13006
1684	11734
3502	13601
1095	11736
869	11214
5153	13760
3611	14216
5264	12657
2823	11849
160	14380
160	13405
2817	12903
5473	10549
5473	8166
3501	13462
3501	13401
3501	13610
2769	12949
2769	12468
1015	13618
2046	13249
4313	12457
1449	12575
1449	12869
1449	12408
4492	12678
3376	14212
1517	14571
3466	14038
785	14037
2860	13868
3126	13326
3126	11432
1524	13404
975	12780
393	14547
2860	13432
802	12888
28	13496
192	12429
2761	12663
1492	13358
3896	13152
2136	11149
4492	12662
2352	12385
1553	12661
1233	13371
1553	10879
3906	12787
3906	10256
2490	14062
2490	14532
4067	13233
4096	12696
5056	13457
3666	12902
5056	13072
3666	10989
3506	13947
3937	13381
1095	12858
2030	13178
4097	13431
3792	13183
5058	8065
1112	7333
1806	13574
5058	11948
5058	9742
2468	12200
4988	13524
4003	13072
4548	12356
1138	14172
4167	13195
1485	14225
2496	13107
3044	13476
1833	12081
1210	13591
3126	13381
2468	13064
5259	12356
3277	12890
3277	13326
4721	12951
3260	13381
501	12689
1559	13990
1572	12779
2550	12890
5259	13388
1559	13868
485	13182
4574	13239
4574	12890
4574	12779
4710	12432
355	10026
2715	5800
4067	14475
2489	3659
2489	11054
3357	13094
557	11207
748	12721
4112	10494
4223	13422
2969	12941
922	13097
2969	13068
2969	12481
4178	9910
4178	14364
3972	14478
3994	12793
3994	12748
1487	12896
3056	12863
3056	12727
5312	13098
5312	12776
2877	12714
5312	11696
5312	12713
91	12419
2427	11994
5080	14383
2540	13464
1925	13249
5080	13328
165	12838
4988	11274
2496	10711
1246	13258
4783	13487
2496	14351
975	14523
1355	13764
1575	12639
1575	14571
1572	13347
1087	12942
512	14070
2056	12329
5147	14193
2306	13419
3176	14246
3278	13447
2306	11372
2306	10375
3278	13712
2306	12675
2306	14116
5011	3039
5011	12729
1524	12486
1524	13556
127	13073
4583	12410
3719	13080
4335	13037
127	13574
1269	10018
29	12843
1288	14223
5326	13771
4030	14532
2725	13239
294	12666
3014	9283
3014	9743
3014	12969
3014	12940
3014	7367
5049	9477
2030	13422
2030	14037
4902	12935
4741	14610
4450	13134
119	13617
3108	13897
4239	13101
1419	13388
493	13036
2849	13036
3412	14446
316	14212
1355	14532
4162	13041
4719	13398
1607	14378
1607	13377
2046	12356
4162	13203
2636	14129
4162	14228
4162	13083
4492	13118
4453	13416
112	13487
4492	12308
4492	12461
678	13199
5156	12713
5415	10898
5415	10818
3291	12534
3677	13897
4524	12932
1088	11432
5078	12356
3976	10696
1524	13371
1800	9659
3291	14383
3649	7662
3649	4546
913	6710
2322	13293
2087	10943
2087	6092
2087	11094
2087	10344
2087	9463
2087	8711
3297	13466
466	12838
5123	9910
1572	13479
3181	8705
2478	12790
1948	14034
1948	13154
3181	5424
3181	8801
748	13601
1436	12475
5147	9102
4744	12596
4179	13064
2275	12807
450	13403
3189	12709
3189	14123
3189	12539
3189	13182
612	12133
4744	11948
894	14369
1686	12491
2873	13427
4567	13487
748	12138
4662	14216
2860	12491
5078	12903
4959	12494
2524	13414
2877	14083
3209	14373
2877	12741
1333	12117
3108	14480
2877	13487
5056	13118
4120	12714
3064	13188
1485	12412
1791	6456
4554	13067
3054	12866
1436	13236
3172	478
2468	13115
3808	12025
1185	11634
836	14302
1013	13556
3600	9910
4878	13275
1185	14586
3879	12421
4122	4976
4122	14590
1325	6156
4167	12921
3623	14204
3623	13448
2448	8526
2817	14383
1485	12389
5050	11941
2817	14478
2651	12410
2817	14369
4548	13792
2242	8163
3165	12665
5101	7144
5431	5724
1524	11432
2651	7752
5174	11587
4011	10401
4335	14532
748	14532
497	13137
3389	12643
3389	12421
748	13438
4393	13064
2725	13343
1696	1762
2725	14369
114	13585
3591	13322
3591	13073
1305	12139
506	13479
506	12903
506	12790
10	12866
10	13431
2046	14533
235	12473
235	12019
235	10845
235	13500
1833	6476
1833	14200
748	13479
1401	13070
4563	14383
768	14116
3108	13099
3108	13101
5018	12966
1780	12819
3479	12958
4379	5575
4379	13083
4783	12385
235	12519
235	13739
2497	13524
1321	12210
3921	13246
3109	11095
2817	14061
1325	11060
2281	4709
518	13835
5451	13601
5041	12112
5041	12113
5077	1996
1752	12866
2659	12162
2199	14446
2199	7319
4478	12065
3591	12834
866	11908
1901	14610
4662	14490
3272	12245
2719	12648
1401	13438
4097	13097
4719	12295
3272	12092
4956	13337
4719	13432
1270	12995
5475	14150
2173	13002
2150	14504
2270	12858
5056	13574
3272	13565
3328	13249
1575	13570
3518	13255
768	12807
1502	1559
1626	11301
1626	11794
1626	12315
1626	12436
1626	10762
1626	10684
1626	10854
4554	13246
4554	12964
4313	11939
3501	14015
2569	11918
10	11338
5	14380
2520	12385
2659	12821
2659	12330
2416	13618
5123	13601
864	4564
864	8218
5259	13184
2500	11673
2314	12913
5318	13255
4710	12141
4198	13567
768	11296
755	11885
5297	12065
1765	13487
4428	12842
4122	10307
3064	13099
1765	12263
1765	14086
2752	12410
2752	12285
5278	13524
4096	13246
3175	13097
1271	13236
1521	7383
2752	13158
1325	8268
2272	14429
1561	12675
3921	13375
1290	12621
3044	12807
4741	12780
1121	8389
1121	8483
1121	13617
1121	8710
755	14037
942	10001
3540	13124
3001	12936
3573	13689
1325	9313
1317	9930
1317	12019
3863	13071
2468	14181
3792	12525
3126	13954
1928	12666
1984	11966
3506	13792
3506	13280
1686	13279
4516	14354
5032	13359
1686	13195
2827	11285
5344	12792
5211	14181
1793	13216
2306	10194
2306	10772
2306	10935
1761	12648
1761	12481
29	14061
3540	12468
3540	14592
5049	5944
29	14154
3591	14112
5269	13988
2482	14532
4151	14200
4594	12227
2073	12544
5417	9160
5471	12835
1575	13108
4734	13712
1186	13268
2282	12806
1186	11849
2715	13432
30	13164
3314	12517
28	13037
2345	13570
2474	14112
836	12269
2500	13678
4589	10568
165	14478
4589	12896
689	14037
2126	13203
3471	14090
3471	14475
3471	13610
4589	12243
2335	13143
2643	13236
1629	12295
840	6603
2324	11273
4223	12866
1668	10829
4878	13101
1505	11589
1505	9899
3999	12353
3999	8661
2817	13257
3999	11958
3999	10835
3999	5126
3999	12913
3999	11959
3999	8710
3999	8327
3999	12837
3999	12864
3999	7325
3999	13157
3999	14446
3999	12065
3999	11238
3999	10609
5010	12201
2722	13499
2722	13158
5215	9910
2722	12835
2639	11365
2297	13374
3422	12445
52	13381
4612	13099
4612	14051
1686	12834
575	12446
2297	13037
4988	14426
438	12532
1055	12869
1559	13499
1687	12056
2322	13366
3587	12348
2322	13422
3209	13086
4374	13328
1572	13125
2325	13499
1110	11948
2387	13401
1110	12913
2387	13326
2322	14504
4120	13868
5115	9466
4304	13610
4190	12529
1607	9360
4304	13343
2282	14070
3362	10711
5075	13618
1233	13258
251	11310
949	13613
2541	12905
446	13689
2387	14212
2387	13158
3677	13610
165	13472
1086	6228
1086	7481
1086	6376
1827	13088
1086	12167
1086	6021
1086	10475
4335	12491
4956	13309
4567	12778
4900	13432
2651	14150
1419	12491
2194	12298
2352	12060
342	12295
3072	9652
3072	10711
1355	14460
2044	13990
3814	10686
2431	14112
2577	14346
1560	776
1560	8991
1575	13086
4754	12787
2188	13402
2188	11800
1271	14601
2188	12353
1271	14181
4744	5755
1687	12383
119	7004
2031	14607
4924	14200
4924	8923
3911	14200
3911	3989
3911	9461
3911	9350
3911	11445
3911	10956
3911	8718
3911	8708
3911	4658
3911	14325
4662	13125
3176	13487
2973	11063
5237	12315
1985	13080
2272	8708
28	13279
2314	13952
493	11516
5357	14446
3506	13744
1367	12913
5032	14181
1367	11999
1329	13257
2621	12534
575	12618
1138	13381
160	13111
3288	12580
3288	12935
910	12484
910	12696
2030	13247
2282	14129
3332	13466
2011	4655
2011	13050
3587	13286
1436	12764
1668	10835
3468	11131
4330	13099
4330	13073
1271	13486
4330	13610
2294	4709
3311	12534
2294	14089
3905	3360
3905	13038
571	13073
1698	11398
2352	13381
3905	8456
2134	13257
4548	13343
295	6476
4607	14610
5276	14478
3071	12985
4589	13414
3071	10607
5474	8815
3071	11085
3071	10549
3071	11994
3878	12295
3071	2172
740	12118
1684	12558
740	3404
4643	14487
291	13973
3672	14586
3328	13283
424	14170
424	8282
424	6002
424	11477
424	13945
424	10898
424	11590
887	12206
887	11817
4874	14373
3501	9910
888	14446
888	2173
3379	12942
5032	13164
2761	13556
5032	12383
3587	13087
3587	12639
1426	12532
1426	11948
3379	13351
3379	13328
2297	13479
5312	13268
5438	13130
4146	13613
4394	6861
4394	9932
2129	13306
2489	8601
2489	7519
2489	8675
5312	13208
3337	13439
1074	3727
3297	14586
4167	13164
2013	621
2013	1164
2013	530
2013	967
2013	1339
2013	930
4409	13326
4400	12482
1796	13438
4955	13069
4834	14363
2872	13099
1325	543
1325	8551
3109	13305
3865	13610
2387	12588
5312	12548
5312	10401
4485	13496
5312	13401
5312	13322
2325	12295
2306	13259
2306	13127
3518	12797
748	12950
1288	12554
2880	13954
889	14035
2522	13162
1794	12151
5058	13002
454	2882
1419	13279
2401	13118
5271	5984
3220	10410
3034	3181
3034	7787
3034	2670
3034	1923
3034	2139
2135	12437
2135	13229
2135	13938
2135	12065
2135	10000
2135	11320
2135	6884
5340	12950
2187	13290
3054	12992
4959	12741
2387	12714
108	12637
5211	12964
5211	13445
5211	12534
1940	11966
1940	14429
1940	2830
1940	10484
5248	12991
2752	11274
2864	13712
424	8560
424	14116
1680	13458
5004	13304
1155	13374
2524	12716
2220	12529
5330	13499
2524	12712
5434	11062
5259	13570
2841	9147
5259	13644
4363	14090
748	13787
4112	9147
1694	14116
1694	2980
5312	12890
5312	13239
5312	13233
1694	13389
1694	3048
1694	8952
1694	8514
2194	14358
760	13924
1928	12936
760	14015
678	12825
316	13195
316	12491
5312	13228
1391	13162
4519	13432
1391	13496
682	3155
4256	11095
251	10898
3678	12253
5143	12251
1288	12408
4710	12702
3198	12895
4719	13570
4022	13764
4363	14212
721	14144
4393	13380
3233	13045
2573	11774
2573	7833
2573	5361
159	12361
4683	12404
298	14281
3870	12936
2154	14190
4547	9593
5367	13990
3874	13080
4000	13180
1447	12964
1447	13232
4752	12576
5215	11159
4198	12391
2877	13924
3119	7562
2950	13521
2719	14550
2496	14200
1160	13383
1160	14458
4021	588
5004	14417
1694	9423
1694	7068
1160	12748
1160	12688
1887	13288
2719	10769
2858	11499
142	13947
5131	13990
5131	14150
5131	13570
4289	12133
4289	12211
4289	10817
4289	8605
4289	12728
4289	11956
4289	11222
4289	12337
4289	12635
4289	12729
4289	12657
4289	3994
4289	5583
4289	10898
4289	9492
4289	10818
4289	10711
4289	10692
4289	3039
4289	10321
4289	4826
4289	7095
4289	12271
4289	9141
4289	7306
4289	11217
4289	10887
4289	6102
4289	9580
4289	11435
4289	7312
4289	9099
4289	6060
4289	3338
4289	8718
4289	5361
4289	9231
4289	12801
4289	11569
5269	13143
3042	12085
1572	12546
1572	13496
5385	13445
2468	13445
2468	13787
1391	14383
3176	12696
5385	13374
3587	13723
1404	14241
3201	10905
1769	12842
1769	13496
2040	12613
4452	10656
756	12923
4741	13447
4741	12921
4710	12938
4710	10573
637	5784
1928	11942
1928	10905
2969	12138
802	13610
2969	12263
2969	13197
2969	13178
3822	14572
2149	12825
2149	12903
1575	13613
975	14212
3542	13149
4264	13476
4264	13744
4264	12841
4264	12921
1484	13521
4264	13618
4120	13388
3587	13164
4293	10856
1325	8954
1325	1172
2617	12739
2617	13107
2073	12923
3630	7352
3502	13462
3630	14352
4569	12825
2937	12295
2519	12542
2519	12164
2937	13374
2519	12637
2878	13455
756	13947
5278	12162
3501	13336
2345	13151
1963	14323
2999	12015
1906	13073
4744	13940
1787	13236
4625	12890
3001	13565
2819	454
4625	13427
4625	14302
4625	13031
1919	11889
4625	14458
4492	13088
5429	12157
1317	9027
4545	9674
3781	13712
5078	12825
2522	13309
3976	13610
4844	8525
3525	10985
2621	14460
3272	12731
3213	13940
3213	11260
3450	14149
4983	12852
3450	14116
3328	13126
2942	12543
1715	13524
1715	11023
1715	11075
1715	12139
1715	14487
2469	12913
3587	13235
493	12866
2490	12903
4123	12790
911	12624
2817	9910
1447	13145
4154	11340
4154	11474
4154	12242
4154	10894
651	7717
2306	11257
5289	6763
5289	1818
5289	14488
3953	14150
1110	12315
1110	12985
1110	10818
3314	11035
4280	12445
4280	11995
4280	2084
165	14490
949	11697
748	13374
3006	12525
2387	13445
748	12194
3066	13554
4401	13132
4045	12635
1769	12377
3711	14280
1769	14490
29	14601
5144	14306
4461	6361
3006	13496
887	13658
3006	13486
4120	13073
2433	13178
2433	14462
5075	13071
2210	12708
5075	13279
4256	12494
4256	14383
2387	14502
3518	13275
3272	12868
1707	13157
812	13305
1701	13556
1701	13479
3518	13336
2209	11432
1337	14116
1027	11901
3438	12821
1765	14154
1765	12709
1765	14246
2149	13370
5144	12928
4880	12015
1963	14600
1963	12739
3108	14380
1393	11885
1367	4653
1367	5231
4374	13787
3608	13072
3829	6264
887	10557
3972	13496
1393	12869
3501	12529
3829	7456
3829	10974
5228	12346
2300	11498
3829	3039
91	13279
4638	8123
3314	11830
1183	12399
551	11156
3998	10711
454	14568
3998	12372
1305	12263
3314	10157
5330	13990
4178	11023
4178	12015
5043	6110
5415	13124
2823	14380
623	13226
5043	10975
5043	11948
4293	13358
4428	12494
2225	12015
3291	14061
3156	13977
102	12136
1959	12778
2823	13560
5144	12741
165	13228
4120	13203
5321	12595
1484	12972
1484	12436
3220	8154
3678	13180
4261	13102
3944	12936
41	12507
176	12206
3944	10692
3944	14341
812	12532
386	11499
342	13427
3064	13072
4652	7303
4612	13037
3719	13279
4612	13388
1305	12591
3230	9244
3148	11329
748	14369
2149	12391
2030	13465
473	13952
473	7022
473	11848
894	14383
1745	14362
1343	12178
5429	12928
4710	12481
2433	13174
1485	11462
1655	13085
2387	13357
2493	13476
4673	13618
742	12896
2515	13381
1419	12391
5089	13743
2191	11202
4569	13425
5296	12936
2924	12825
1366	1905
1872	14087
1041	10251
4741	13432
908	13521
3678	13601
3217	14362
3540	12532
1329	10769
4710	12430
1391	11329
764	13414
4559	7636
3260	11159
764	13497
1013	13145
1013	13445
5144	12670
4574	13228
1391	12015
3627	13336
2242	11227
1769	13228
1513	10276
1391	12494
4166	12835
2194	13113
3297	12888
4941	13556
3513	13157
282	13581
947	14251
222	13118
947	9595
4783	13158
1638	12770
3065	12595
1391	9235
4463	13792
1575	12964
1186	12953
1391	12237
2242	6815
1575	13380
3863	13254
1325	497
2804	10355
840	6978
840	13107
4735	12653
4735	12821
840	7595
557	12757
93	13437
4228	12933
4228	12377
4228	14383
3591	13317
4152	12900
3373	12546
2643	12928
2643	13073
4067	14478
5276	14490
2433	12937
4022	12953
4022	12998
4022	11158
4022	13486
4567	13073
5056	12951
2714	12109
889	13414
5115	8858
493	13082
4830	11184
4000	12933
2128	13183
4346	12273
4346	10721
3108	14550
3608	12385
2718	13940
3380	12929
3587	13897
3587	14383
1639	13644
3604	11293
3380	12991
3604	9242
4752	13072
4752	13233
550	12383
550	12324
3814	11948
2602	14364
4752	14090
2225	12237
151	1378
2242	11454
151	7972
151	5361
1168	13122
2540	11159
1206	13221
5129	13515
2621	13374
2817	13924
1434	1911
3611	13555
1206	12718
2524	13208
5368	13940
30	13445
967	13549
1434	11244
1434	13331
3556	10751
2474	13432
2817	13125
2951	12264
3209	13042
3209	13521
4574	13202
1678	14478
1678	12588
387	13644
4157	2689
10	9235
3290	13180
1088	13644
2912	5711
2877	12377
3890	14550
1927	11948
1752	12648
3255	12291
4196	12576
58	10711
58	14200
1271	13329
446	13555
4844	7890
3890	13555
2667	8458
3933	13012
4611	1384
3353	13008
3218	13108
5215	13336
3218	14460
2715	11823
4983	13130
1549	1585
4983	13736
3755	14222
678	13108
1678	10414
910	13408
342	13868
1101	11948
2582	13371
3436	12950
4353	10419
4977	12988
1678	12712
2452	7970
718	4353
2452	9572
2452	7538
2452	12749
2452	10912
2452	11018
2452	11461
689	13635
16	13968
1858	12855
1858	11885
1858	13210
4505	6713
165	13329
1678	13378
1678	13180
72	8605
1709	13147
755	13210
755	13170
1317	11174
1317	9764
3477	14353
2297	13336
3550	13336
3865	12410
91	13036
3153	13179
3477	7532
1217	12998
3591	11158
237	12263
3373	13653
1453	13897
1217	13648
1453	11516
1393	13164
2210	13588
2666	12825
2877	12998
864	8711
864	7350
864	11966
864	10789
1401	13367
1686	13451
3464	12527
5243	8163
2500	13219
1439	11379
3656	2118
269	13092
252	11830
252	9738
2522	13172
5228	12143
2589	14586
4751	11661
4751	11623
1210	14277
717	12595
4783	12576
5336	12253
4783	12956
5228	13133
2349	6553
2349	13728
1769	13329
2040	13977
78	13351
1678	13371
1678	13154
1678	12281
1678	9548
1678	12667
78	14224
2643	14530
905	12437
3314	13917
905	3896
3064	14119
3064	14129
3064	13601
1625	14303
2643	13210
5019	14302
78	12244
78	12951
5330	13792
2937	13336
1761	13195
2937	12453
142	13088
5345	11265
4752	13152
5345	12024
4171	13309
78	13054
4171	14478
1135	12882
3879	13317
4112	8694
3284	9696
61	12071
5048	13560
2582	13712
2785	13228
243	14147
61	14034
29	13309
61	12892
29	14181
4581	14444
4124	12103
387	11131
3540	12595
3392	14373
3438	13202
2950	13329
4769	10711
2490	13279
2490	13067
2282	13388
1271	13087
3863	13037
1334	12483
3855	12935
3855	14555
4208	10047
4208	12173
305	9859
1678	11658
4428	14478
4428	13551
4819	13648
1752	13241
3863	14532
2604	13163
2014	9272
3863	14015
3863	13924
1752	12449
2520	8953
1079	9785
2931	12391
5225	125
1604	13184
3314	9391
3149	12825
2304	13154
16	9869
3293	1534
3293	2243
1419	13370
860	8885
518	13336
1295	11507
753	12992
737	13004
3591	13952
3591	13283
4470	11038
1367	11342
3438	13345
3438	13268
678	14426
3921	13479
4594	13456
3130	5325
3755	13309
4819	14349
1241	2823
4517	12517
5354	12839
5237	6566
5354	13398
5354	12807
5354	14008
5354	13897
4178	13787
100	13466
1968	13432
4738	13614
889	13094
2868	13145
1832	12249
465	8920
237	13465
237	13030
5108	13023
924	13125
4143	13332
4143	13333
924	14222
1825	12747
1825	9522
3412	12337
4271	13101
5215	13692
5471	13601
243	13570
61	14181
5058	13556
5058	11274
887	14527
887	14461
5354	13320
5354	12575
5354	13501
5354	13457
5354	14523
5354	13335
5354	14150
3599	13369
5354	13183
5354	13835
5354	13712
5354	13868
887	11639
3656	9151
5354	13618
5354	13216
4134	6004
4877	13306
1271	14478
4028	14532
2624	12779
1393	13557
4981	12851
4956	13152
4363	13286
4335	13451
4363	10401
269	13235
1290	13108
2868	13890
4190	13995
4060	13123
4060	13244
4060	13210
486	2726
1459	10117
539	13588
1337	12114
539	14444
2126	12663
3448	12532
3209	13787
1329	13172
3209	13549
5367	14278
2805	12905
753	13442
3279	12814
4741	14550
2433	13158
2725	13588
3678	13456
3678	12410
4586	11019
4586	12013
3754	14150
4612	13347
4612	13071
4612	12203
3719	12377
3719	14165
4662	13555
1271	13567
100	13675
5248	13483
3163	12253
3139	2754
3139	11956
1862	13380
3139	10211
3139	9312
3139	11913
2841	13310
3139	7832
2408	12484
2408	11849
2408	8986
2408	12932
165	13391
2996	13262
1901	8166
1901	4032
3213	13038
3213	10980
3874	14490
1832	13868
3213	14605
4022	13653
3213	1420
3548	12050
854	10991
3548	14225
3548	12752
3548	11491
3548	10584
3548	11217
3548	12068
3548	9240
2982	9912
2982	2810
2982	9241
2982	6693
2982	10404
3527	9580
2982	8598
3527	2416
3527	2471
2982	6874
2982	6882
5327	13030
5327	12942
5327	13429
4820	11494
288	14376
2500	13418
5081	13478
2550	14278
3663	13367
3663	12240
222	12834
1968	13501
1678	12018
3373	13890
949	10401
2301	12936
4880	12964
1426	11432
748	13071
2046	13567
1827	13574
1478	8299
1013	14444
237	13367
2000	14426
2000	14376
4841	12325
4841	1071
4841	5424
4841	5188
4841	10976
1110	13478
1110	13150
2225	13890
3448	14015
2969	12992
4981	14123
1319	10887
2149	13537
4199	11948
3863	13764
3863	13374
3863	13279
1927	12837
972	11723
972	10992
972	9908
3663	13247
1305	12203
2725	13472
4167	12834
5143	13458
4353	12207
1872	10055
1872	10986
1872	11265
2868	13202
4353	13826
4084	14298
1584	12668
388	12784
2433	13330
3176	14362
1836	13214
1305	11432
1559	10251
1000	9633
1680	12012
5032	13675
4178	11432
3311	14460
3180	14447
3180	9376
2460	13706
3685	12542
90	11786
4022	14490
571	13153
199	10989
2847	12637
3895	13162
4022	13601
4022	13618
4022	13549
4645	12171
4022	13555
4022	12377
4022	13309
4301	12770
4022	13343
2486	12151
2486	12735
2486	10666
2486	14618
460	10849
571	12834
5081	10711
5081	1015
5081	1350
466	13031
3847	13976
931	8458
2270	13227
2046	12869
1817	13004
1817	12729
4878	14369
3513	11266
770	12591
1872	10302
770	13101
3792	12391
3573	12237
2047	11873
4256	14222
992	9508
4959	13556
375	14325
4052	14350
4440	12353
1442	8711
4643	13984
4643	13262
4643	12745
1085	12651
2522	12546
3233	12157
3233	14122
3233	12408
3218	10251
4769	10255
4769	8718
4907	13369
3945	14228
3945	14364
3945	13736
3945	10568
3945	13470
3436	13487
1925	12151
3445	13610
2431	13247
4050	11432
28	13555
2922	13890
2209	12907
2713	13220
4995	10679
4421	13102
3046	11161
2021	12903
2914	14529
1431	12807
166	6633
2009	12295
3213	10989
3213	10577
2833	12574
4022	13071
5148	11892
41	11561
2713	7460
2713	537
2713	5140
2713	7188
5228	13868
2713	3231
2713	469
2713	105
2713	45
2713	5728
5148	12201
3375	11337
4625	13579
3216	10711
3216	10906
4587	13431
2990	12949
2990	9340
2990	10805
2990	4958
2990	12050
2990	8721
3751	12987
29	13374
4593	13182
3474	12636
1129	7055
3573	13170
1684	12593
1684	13000
4110	13165
5049	8351
72	14251
3076	9099
4892	5125
4892	14446
4533	14034
2710	11948
2710	12993
2710	12444
2710	9456
3663	11432
1840	10029
1840	8729
1840	8830
5336	12780
5336	13484
1163	12936
3573	13428
5336	13035
4741	12529
1542	12562
2635	12166
2635	14383
2635	13202
4239	13380
4239	13272
4239	13635
4239	13451
2656	12136
1270	13265
3573	12898
1572	13310
1572	7889
3608	14298
887	13852
1066	13142
887	10553
887	11505
1250	8873
1250	1791
1250	11545
638	11564
638	9706
638	7835
638	12594
638	9783
638	9723
4256	13125
3373	13324
1441	14150
5143	13330
3591	12907
3591	13210
1288	13241
5020	12354
2823	13145
5020	12467
4211	12879
3120	11335
3120	12457
3120	5470
1576	10497
1576	13388
1576	11695
1576	14375
1576	13652
1576	9041
1252	13115
3309	12595
4550	13367
4067	13108
1572	13549
4330	13345
1435	8328
1435	11995
1435	12242
696	13247
1435	6633
1542	11948
1553	13886
1553	10975
1553	2182
1553	4386
237	14222
1246	13438
1246	11075
2612	14601
2612	12878
3890	13808
587	12418
3274	13808
5290	11465
3274	13445
5020	14325
5020	13632
753	7889
5020	12455
5020	14361
5020	454
1138	14112
1158	14483
355	10692
3017	12823
829	11948
5018	12267
3132	12322
3373	14124
5415	8307
5415	11966
5415	11345
5415	12403
5415	10734
3540	12936
3213	11089
3719	14299
3677	14034
3677	13723
4030	13395
4643	12964
296	12972
1690	7734
1349	7188
1765	12964
1765	11432
723	14517
546	13971
723	12298
3112	10431
3112	7399
4067	10696
3112	13500
3112	7989
3112	14324
3112	6434
3112	11506
3112	11613
723	13293
1686	14476
723	13325
416	10968
3213	10549
1397	10947
4662	13709
1939	12468
2587	13082
1455	12138
2282	8483
2587	13337
5081	1500
5081	1497
2587	14123
5081	1527
5081	1108
5081	1411
5081	1387
5081	444
2587	12766
3829	11149
3829	13632
1607	8708
4063	13357
4063	12618
849	10265
849	6500
4340	12231
849	11604
849	8228
849	6891
849	12868
849	9161
2587	12774
849	6859
849	5830
2587	13343
849	10398
1066	13357
1066	13841
1066	12838
1609	2038
4313	14570
3110	2622
4313	14417
4300	12913
4313	11291
3175	12933
1145	9652
119	13730
2587	13210
1882	12340
4428	13313
1769	14124
4907	10251
4907	13792
5004	12127
812	2869
1678	14225
1678	13176
1678	12412
2134	14156
1678	13362
1177	11432
1678	13278
1177	13438
3126	12933
548	12136
1177	12995
5211	13462
5211	13263
4741	13570
4330	12648
386	13258
4330	13329
4907	13570
61	12639
4907	14476
1177	12886
3755	13162
1177	12285
1177	12631
61	14444
5054	12172
887	11326
887	10626
2785	13064
582	10643
582	11630
582	14110
1184	13142
582	9316
582	12019
582	12172
2294	12427
1184	12223
2215	11169
887	12643
887	11186
3085	11338
1066	13567
2490	13035
2490	13066
924	14124
924	13735
1066	12377
742	14610
3149	13202
3149	13268
742	12807
3149	14222
4754	11857
181	13480
3755	14278
3755	13653
3207	5818
1769	14483
1769	13971
3776	13066
4022	13160
4022	14383
5052	11432
1769	13268
3445	13472
3905	13715
3905	11290
3905	3491
3905	12777
2587	12207
4900	12295
2819	5277
107	12532
1874	7712
2409	14246
4180	3256
5123	13555
1138	13086
1138	13517
525	13646
1550	13125
1550	13436
1550	13329
1550	13180
1393	13564
1550	12842
1550	12618
1550	14490
1138	13416
1550	13890
1550	14383
3314	4247
4394	2020
4394	5584
1305	13324
3589	14363
3198	12347
3199	7494
3199	12634
3199	12469
3199	5498
1183	13265
3199	12940
3199	11156
3199	12246
3199	12768
3199	12864
3199	11948
3199	12737
3199	5134
3058	9652
4393	13214
286	10871
2819	7760
2819	9392
1594	10394
5059	12936
2150	13249
2150	12458
3108	13388
1051	8798
1051	14200
1914	10905
3663	13313
298	13201
4950	11529
1572	13160
1073	8738
4375	13155
1017	12936
3178	12751
3178	12595
5367	5800
2056	14363
4691	12757
291	12913
291	3525
5475	13521
5475	12184
5451	13414
4208	12170
1453	13317
4208	10711
1087	13947
4199	12944
1675	14156
2198	12639
1453	13151
137	12741
2621	13037
5228	13071
4676	13627
753	13093
4676	13712
4421	13358
5386	14083
5261	773
2887	12401
3599	13792
1269	13010
1391	13228
1919	14476
1919	13035
4200	11290
279	13858
4190	13247
2877	13483
1290	14487
512	11274
4264	14601
2126	13180
5378	3561
3153	14383
1604	14582
492	13431
2384	9464
2384	13542
61	13395
2384	8806
4612	13644
61	13087
2943	13285
2384	11354
3153	13486
3867	11132
1686	14483
949	13753
4524	13313
2044	13551
4524	13123
2044	13343
1906	13588
2316	14298
2384	3811
966	11080
2384	2307
2384	7036
2384	1146
2384	1073
2384	588
2384	5610
2384	11776
2384	1770
4123	13395
1391	13436
1391	13125
3633	6230
2044	13487
3181	6745
3181	848
3181	14162
1611	13693
525	2804
3558	12949
2433	13091
5243	13035
5123	13808
1611	12155
4672	14061
2977	12995
4849	13247
4662	13607
2850	13496
4662	13808
1501	13438
5056	13227
3414	11948
3414	12738
226	13512
1665	1596
3921	6343
1138	14156
4849	13612
2515	13247
114	9595
3314	7091
1177	14519
2612	13486
2612	13031
2612	13401
2612	13309
2612	12921
2345	13165
2612	12766
2612	12853
2612	14154
2612	13462
4960	13398
2789	10367
2447	13356
2612	14478
2872	13415
3422	10351
3422	11004
3422	10687
61	13086
61	12527
1906	13567
2872	9910
5447	12936
2150	13598
4022	14478
2306	11047
2306	8899
2306	12079
2306	14083
5116	7494
2864	13585
3064	13279
2150	12269
3376	13329
5243	13456
3938	13569
3506	12903
1769	13579
1602	10662
4400	13564
2791	13792
1602	13964
5165	14318
2712	11301
1408	12491
1196	13303
3719	12842
3719	13555
683	13570
3699	6659
1571	11995
716	13360
3878	13162
3209	12015
2489	7855
12	13006
3751	12969
12	12237
3641	4781
4195	13936
4195	14169
4195	9338
848	12944
4195	14415
