626	10719
3224	14125
3224	10047
2101	1851
2101	6174
2101	6456
706	5370
5130	7728
2828	9370
2312	7298
5130	1373
3288	10322
2541	12128
1819	2394
1819	9216
1819	5258
590	12623
3098	7961
4165	309
1819	4261
4938	5184
2418	10030
1632	10320
1713	4625
1819	4262
5174	2647
1819	4664
4310	9127
4310	13435
4310	8706
4310	10200
1543	3272
4962	12849
1390	8491
3859	9120
4770	2092
3284	4050
3284	5187
3284	8722
4387	9873
4438	6155
4525	8473
2418	10028
205	5739
3213	9462
1565	9148
3928	5495
1589	12300
1589	8880
1589	2453
4659	2341
4659	3061
4307	2362
935	14324
4307	5346
4307	2673
4307	2497
4307	1890
4307	3209
4307	14325
4307	5499
4307	7036
4307	4529
4307	3037
4307	6404
4352	8536
4352	5570
4352	7091
4307	1301
4307	1302
4307	454
2151	7320
2151	9453
1725	13928
1725	4421
3016	7782
3016	10322
3016	12197
3016	9464
261	6825
3016	556
3016	3491
3016	14325
3016	2680
3016	5830
3016	1694
3016	2476
3016	1763
3016	3038
1247	2490
4986	11740
1540	12080
1776	713
3288	8153
3156	14115
2541	9942
2541	9909
2541	14481
3109	7413
3109	9009
3801	3718
3141	191
2271	7046
2271	4179
5122	5401
5122	14177
5122	4591
1969	3424
2426	11274
3921	11274
4955	13020
4165	10262
2908	8509
2908	3491
3598	9392
3598	7489
4387	4092
2397	3682
4220	7453
4888	3873
5079	12583
4095	9594
4095	9614
3103	1418
401	3152
4295	14422
5023	1631
3028	9090
1243	10206
2925	9202
3496	9216
5270	12062
2249	9688
2249	3491
448	7078
3804	10323
3804	9464
3804	7325
3804	9479
3090	10819
53	296
53	8389
2833	3243
3691	9989
1326	13038
4659	10354
1611	8588
1611	4857
2051	6167
3120	7050
3326	5106
3326	9462
4124	9453
4124	9502
3598	8976
3431	9093
3512	8513
2862	4668
787	810
4160	390
4852	2803
1238	10206
4623	14284
4188	11354
4188	9466
1266	3435
393	10207
1879	4996
1750	5385
2577	14266
83	10658
3401	14323
3342	9007
1031	8661
4339	12197
2714	4741
4562	9792
1285	9732
3808	5902
3540	9466
5008	10117
5418	10279
3900	9466
5226	14486
5406	77
4139	9308
4139	8701
2259	3986
633	8509
3476	9979
1599	9950
1256	3228
2040	11771
2229	9216
2229	6116
2229	7406
2229	10712
4165	9466
4165	2810
4165	5166
4165	5830
966	10303
1884	9942
1884	9909
3964	12039
4750	9279
4750	893
3767	2150
3767	7404
411	5487
5281	7306
5263	13013
1883	5019
3709	9498
2804	7748
2577	13020
2577	14223
4504	4538
1551	8409
1551	7032
1551	6725
2389	3727
2389	10199
2389	12881
3047	9090
1624	2164
4986	4426
2617	11811
4475	8166
4475	8310
3201	8729
4068	12128
3121	7311
4942	8757
4877	8173
1755	10117
3525	14618
3110	10008
3110	9867
1263	8099
425	10132
5461	13622
5462	13622
1793	10719
3572	6993
3512	9331
3234	14580
3295	9202
254	10117
1452	11646
3295	5847
1452	9460
3295	3233
3918	6283
1339	10148
4045	7271
2733	7879
139	10194
4707	10706
1529	9810
3093	9546
3374	4689
1973	4208
2809	10221
4835	13222
1737	3109
1737	2976
4652	5510
5329	8308
5329	3765
2926	2646
3184	5212
115	14415
1131	8403
4045	9252
3835	7311
1131	10508
1973	7575
3497	5255
3497	9399
3497	8989
3497	14290
3957	6361
3957	9466
3957	6360
4160	1760
4160	1380
4040	13107
3984	4527
1986	8756
1986	9555
3101	3831
2362	14481
1140	6724
1140	8291
1140	3837
4042	9412
4042	12039
4042	8166
4042	8566
4042	6970
4042	11925
4042	8454
4042	6569
487	13519
1238	10207
5328	4386
5328	6004
4310	9359
5328	1047
3192	14506
4412	12197
4412	9228
4412	10363
4309	2673
4309	3098
4481	6937
5328	7277
4257	699
2011	1934
2011	9881
2503	5701
4257	5792
2503	9163
4257	10535
4257	13446
1639	12792
3428	11646
3428	10398
2501	8607
3428	7159
1750	8085
3428	9578
5365	7371
2358	10964
2942	8465
1655	9462
3234	10409
3234	10147
1599	9351
3610	6795
5056	8397
5023	7414
5023	11531
1126	9556
5023	129
5023	335
5023	7008
1750	7500
3561	5701
3032	12218
1389	9377
3665	6879
3556	14266
1052	8273
1052	14513
673	8833
673	9127
673	8705
673	14562
4434	6156
1721	8350
1837	10274
82	14036
3751	7986
1321	9462
2595	8683
2595	8023
4426	9466
2959	7873
2959	3491
2959	8153
5337	11889
5415	4370
5415	10322
128	12623
1435	9986
138	4995
138	6786
138	7094
4045	9688
138	5045
4049	10177
2800	5194
138	13107
768	9823
3476	10100
5251	9858
4559	9555
2101	10413
2101	8972
3211	6476
3211	8710
1918	9797
394	1193
394	14447
4628	827
394	707
394	1118
4165	6673
4165	9232
4165	3745
394	1073
4165	10322
394	1078
2865	9462
394	1541
3423	2995
4072	11499
2130	6119
3318	9033
3531	9555
3531	2539
3531	8672
3531	10974
3531	1974
3531	8729
3531	2750
4793	10510
4793	10703
2493	10110
4793	3582
4793	7063
4793	7919
4793	9876
5196	8729
2339	9770
82	8710
3698	12836
3698	4204
4045	9391
1619	7809
2780	14314
2390	1282
4795	11795
2863	12849
4483	9652
3179	6912
1168	9367
4122	9938
2362	14266
4811	804
4811	667
4811	387
2933	9072
2933	9132
4811	7197
4811	187
2914	10189
1410	8465
1410	10724
1410	12961
1410	8817
421	6341
421	8476
4349	10274
768	14033
728	14044
728	5498
4430	7535
4430	8711
4430	11780
4786	8706
4045	4783
4045	10260
2248	11225
985	5604
985	2286
3440	9757
2443	10067
2426	9762
1716	7311
5086	14290
4663	10986
3866	6624
4628	143
405	10508
728	11903
728	6268
728	8028
2672	9981
4636	8230
2933	7242
3486	4583
3486	8942
421	2647
1697	9440
3032	8446
2276	9379
3921	10374
2192	8952
4754	11806
4168	9462
651	5782
5261	134
4648	14418
4648	8820
4648	10162
4648	10067
4645	10290
5261	8748
5261	7248
5261	5400
486	14609
5261	6208
5261	6105
5261	8154
3709	10159
4890	10158
4890	6639
5324	8291
4761	5340
2332	967
2332	7861
3499	6083
2925	7329
2925	10706
2925	5481
2925	8833
391	10087
391	11343
391	5403
391	9339
391	8706
391	9127
391	4658
391	7562
3871	10027
427	8833
189	9462
2614	10204
4160	619
4160	701
2854	7779
1805	9977
1805	7039
2062	5320
4165	9126
992	11798
1166	8757
4110	6633
279	3682
3542	9864
1408	7743
5070	9463
5172	14442
4691	8701
5331	13632
5331	8459
1205	9408
1205	6484
2185	8721
2185	8051
2185	8882
2185	7181
2185	5618
2185	3162
2185	4871
2185	9161
2185	7582
5461	13020
5462	13020
4573	812
5013	6465
5106	10058
2491	8633
3740	10132
4897	1303
4897	9422
4897	9335
2192	7732
4257	2357
4257	7413
4257	9555
4257	5065
4257	593
4257	2698
3875	9921
992	14234
685	8451
5482	10117
4504	14325
301	3491
3235	9094
965	4969
965	99
5025	6912
2031	4771
2031	5056
746	5091
5130	9521
3163	12583
4045	4538
3563	6943
4045	6624
4045	7518
3563	4963
3563	8389
3563	7670
3563	14137
1642	6069
4605	12068
126	9298
5029	4538
2006	14564
5159	221
5159	222
5159	12526
5159	7501
4635	11409
2811	14486
2432	11060
4479	9392
5306	9239
1883	3145
2571	8522
3497	10295
5058	4538
3457	9278
4726	12064
170	8757
170	7790
4082	11988
2044	13020
829	8903
3512	14164
1820	11121
1820	12197
22	11927
3866	10706
981	6874
3659	9912
3659	7295
2269	709
860	13852
728	3039
3709	8558
3709	9522
127	8689
4539	13107
3652	9019
3517	9770
591	9464
981	3819
2300	6373
721	14430
2107	8165
4250	9383
810	8718
1297	9411
1297	8937
982	1460
164	10706
4648	10021
4447	7242
4598	10819
4598	14291
2382	8601
2382	13107
1020	8763
2554	6107
644	5846
644	7844
1017	9175
1796	14486
5032	7665
4196	9557
1721	5320
3948	13039
3948	8509
1273	13215
1273	3762
1273	3650
5402	8711
5402	10035
5402	6603
3158	9614
2426	9752
2261	6162
4692	7026
4692	9081
4692	8280
4692	7760
4692	5676
4692	4773
4692	7112
4692	3048
4692	8058
5368	9483
154	9379
22	464
3284	4658
3284	10030
3284	10028
3284	7241
3284	10027
3563	8606
2058	528
3563	12005
3563	12007
4397	1302
1750	5384
1316	9347
1316	8238
3343	11212
757	2467
1403	4293
3796	9380
1339	9204
2192	10322
2192	3491
3796	10141
3796	2352
2192	7333
3796	9826
3796	7315
3796	8879
3796	2724
257	11988
3796	4030
3796	6404
2914	9770
405	12583
591	7869
591	11922
591	4538
591	11926
591	11925
3125	8989
1969	7839
1969	5870
3180	6283
4467	8884
2328	8963
2397	9181
2397	2180
5305	10199
4160	852
4160	811
1697	13459
553	2893
553	4123
553	5677
553	2540
553	3066
553	4409
2592	4445
1513	11988
4495	1594
4495	3994
4495	3342
4495	1561
2764	8065
2862	6880
4573	266
4573	193
362	10658
1017	10706
3909	458
2382	3705
2068	11186
321	6169
5218	1285
321	9334
641	2173
4891	11285
4891	11852
2927	9479
695	4545
1505	9787
4220	5323
4495	7844
4926	5602
3921	10128
62	11065
2628	12160
2628	4689
2628	11480
2056	12294
2056	10323
117	11922
4605	13632
4605	11266
4605	8231
4605	3182
3886	7025
2615	6049
2615	8620
2615	7406
3881	9827
2544	9977
1782	9209
4123	9416
4795	10403
4685	11441
1390	3041
1795	10111
3272	14223
3272	13622
3856	11866
3272	14266
1209	10510
2145	7961
1209	3487
781	9153
3272	13020
4246	6456
3272	14323
3272	14415
3272	14506
2062	10050
811	4538
206	9827
206	8718
206	9391
206	8708
3921	10281
206	4406
2332	623
3921	10133
5402	8218
5400	9356
2395	1190
4562	10706
2712	7023
2695	4580
2427	7726
3068	8630
3691	14442
3883	9066
4495	2023
4495	1130
4495	7334
4495	9833
3317	8049
3317	9202
3317	3721
3317	5185
3317	5481
3317	8526
3317	4564
4099	3567
4193	6815
5190	13444
4923	7998
3691	8903
3800	10050
5138	8617
2459	10534
3396	4141
3396	1312
3895	8638
4495	1269
335	9216
634	10000
2410	3886
4466	9588
2410	9780
362	12354
5172	14486
457	8152
405	14486
3015	6079
3617	11931
1241	12628
4770	9026
169	12172
930	4413
3119	10320
4553	8381
4188	13886
1043	14098
1050	13155
4451	9275
3044	8371
891	1033
891	6106
891	7112
3434	9585
3284	10323
3434	3743
4454	7242
1583	5115
1589	7532
1589	4387
2529	7197
1589	11225
2981	9242
2981	13478
3300	14184
5103	11988
633	14325
4846	7760
299	12023
299	3074
4846	3159
2762	5051
2762	6574
2762	9732
2762	7122
2762	5053
2762	1763
2762	6693
2762	11308
2762	7090
2762	3271
2762	2408
2762	5569
2762	5642
2762	3034
2762	8024
2762	8023
2762	3033
2762	3228
2762	1553
2762	1082
2762	1541
2762	7773
2762	2315
2762	2159
2762	3204
2762	454
2762	2007
2762	7885
2762	1560
4165	3245
4948	910
697	2188
1259	11352
348	1449
1504	10183
348	1911
3192	14341
348	10301
1539	7413
348	3002
348	13211
348	1984
3337	6105
340	10395
348	3792
348	2469
1380	6111
1380	9408
1380	7777
1380	11928
1380	9874
1380	9872
1633	9547
5472	11274
3148	10159
4294	9900
4294	14577
4294	13634
4294	14325
4294	5470
4313	8770
5054	12171
1726	9864
3701	14192
2671	9342
2307	6807
5306	9244
2243	9377
2516	8803
2516	7955
1339	14482
2399	4763
1614	9859
1614	9280
1614	6918
1614	5199
1614	6474
1614	8721
2458	11988
810	9463
1711	10398
282	6008
1595	12196
919	7315
919	10679
375	9202
2503	10691
919	9162
919	8416
919	9450
919	9402
919	9466
2485	9462
4948	1074
5083	11272
217	10541
217	9843
217	7946
217	7955
769	6385
3010	4995
1543	4925
860	11969
860	6053
860	9676
2793	8772
4782	7644
4782	7212
1883	4299
3612	9078
2101	9888
2101	9328
2101	9485
2908	3034
2908	4288
1812	14442
3270	9150
4454	8926
4268	10320
170	6940
4504	9391
4504	9462
3089	9330
4333	10534
2469	10135
4073	9913
1277	8120
4073	9460
4073	8718
3280	6583
897	9997
3353	9942
1884	12128
887	7690
887	3119
887	7566
4268	12181
166	7507
166	277
166	3202
2060	10269
2060	12172
2060	11811
2060	12354
2256	10711
2256	11212
2256	9244
2256	1560
2256	1740
2256	1412
2256	1580
2256	13107
4458	11670
2678	8552
204	11125
204	13039
4006	3517
4796	4339
2145	4658
4006	4241
1974	2949
1317	8853
1408	5487
1408	1792
37	9827
37	13886
37	3491
552	8856
552	10278
5299	14442
702	11379
621	11248
3284	10893
4112	12598
2800	4365
1808	932
3819	10207
2910	7044
2910	10550
981	8099
1132	3487
16	7020
8	7566
8	4175
3808	2955
5225	1977
5225	8095
5297	8370
981	6456
981	7535
3981	8977
4505	7700
2944	4960
2679	9994
2679	9861
1987	10727
695	9363
4478	5891
1496	10199
871	10148
5422	9676
930	4152
5465	5016
5465	8049
5465	5470
2164	8239
5465	8218
5465	10706
5465	6098
5465	8701
5465	6116
5465	3685
5138	8291
4268	9377
4268	5701
4268	11539
2628	10450
2833	10894
2833	3717
4034	3493
4770	3855
5297	2965
4348	4709
5482	11379
1512	12352
836	13525
3537	9501
4916	1981
2636	10047
5452	14266
4770	7035
1543	3356
1142	1605
3025	11988
5106	9421
5049	4689
3910	13022
2146	2038
3452	12197
2068	7988
2068	11539
4725	5274
2443	11409
4478	1708
3883	6965
3883	3002
5083	14064
3883	5944
3883	2164
3883	6503
4940	10143
813	6624
2070	7575
3546	3446
3525	4737
2367	8160
2367	2814
3510	9194
3510	6970
3510	6917
3510	14614
3510	14325
3510	7280
3510	6916
3510	6094
3510	13910
3510	8795
3510	4658
803	7176
4095	12128
2249	6994
2249	14247
2249	8306
2249	9826
2249	7543
1496	10135
4530	9215
4530	8718
964	1451
2617	10192
2617	9674
2617	10288
2617	10017
2617	12173
4702	8753
1317	9353
4995	14093
166	630
4458	7890
2397	11054
5337	11969
53	523
4277	3491
3819	9981
3308	11451
3308	6232
3308	6070
3308	8505
3308	12844
1721	6242
2317	8368
2317	13886
3984	11309
3984	235
3984	4195
3984	322
3984	6828
3984	6004
3984	5314
3984	577
3984	546
3984	3896
3984	2270
405	12128
1896	11359
1728	9980
1728	10322
4247	10111
4247	10107
15	11896
4165	9501
2747	10724
641	1512
641	1270
1106	6724
1106	8153
2703	10164
4273	8835
4273	3079
618	5510
3348	8464
4879	2824
1282	606
1842	5233
2555	10322
2555	5127
3720	13750
3720	11346
2362	14223
3400	6961
2051	11988
5379	10894
4478	7562
2918	3432
1570	7298
4747	8780
1222	8264
1222	2996
4450	13485
113	13409
1257	9948
2124	10050
2697	9377
2697	5783
2192	8671
801	2989
4920	13632
5383	11852
184	13469
2212	10946
4268	1303
4268	6153
4268	3376
4268	6662
4268	9712
1468	7517
3375	5856
3540	7311
3530	9336
4882	9619
2407	12565
1972	6328
5172	12849
2401	8306
5172	10047
1285	9463
1285	7079
3014	3641
3014	2555
1038	10323
3420	1763
2337	11924
2300	9996
2300	7128
2300	10253
5399	6610
75	10706
685	9722
3689	1074
3689	7381
3689	1575
3689	1333
3689	1123
3689	942
3689	3424
3689	2598
3689	6013
3689	8741
3689	4538
3689	4658
3689	10092
3689	10903
3689	2933
3689	3514
4829	10534
3689	9414
2192	13107
830	1745
229	10108
3569	13459
745	9795
745	10222
745	9751
2671	14266
3948	8711
315	8636
1304	7162
1304	8882
1304	3482
1655	5365
5025	11986
3540	10317
1054	5337
2407	13629
3374	11477
2407	12623
4034	7685
2626	10235
4298	8849
3466	9270
274	7880
1551	8887
2787	9645
3288	10026
964	7842
1599	10449
1599	9578
1599	5245
1392	9949
3738	2572
1317	12531
2374	7090
418	9853
4196	9525
4196	11409
370	2402
2626	9325
2626	7562
1696	10026
99	10026
891	4322
3537	10026
3586	9823
4582	10026
4582	9650
3401	9270
4026	9650
1285	8322
2407	1201
2407	1064
3499	4046
2407	1364
2407	1326
4659	4384
2160	1753
4960	10228
3215	10026
3795	9750
5415	8661
3795	3002
3795	8741
1504	10026
3600	13485
1520	6004
2510	6164
5071	10073
5170	8705
1317	4890
3093	9091
3093	2783
3093	7527
4995	9466
3093	6896
3093	9696
2503	9480
3769	8409
3093	8995
3496	8823
1154	4706
5383	7779
1647	10317
2399	10317
2399	3561
5402	2537
5011	12611
1137	9412
5456	9501
3375	14489
4483	10026
947	6404
947	8329
947	3501
947	9136
947	8776
947	3332
5261	6133
925	10095
5261	4080
925	8952
925	3562
3031	5792
3031	5822
4060	8423
2675	9066
2608	5632
1459	9826
5054	10026
3976	10087
745	11619
745	10051
745	3765
745	7961
745	8573
1166	14325
4357	10026
1025	5716
1423	10402
1423	7687
1423	6038
3528	10484
2672	10711
4467	5488
745	6232
977	7298
2803	4408
1510	9501
1437	9857
1437	7284
1437	9223
3047	10207
2803	8627
2803	9179
166	8697
985	2291
985	8339
985	7280
985	1782
2637	11212
4870	9421
4685	2215
1932	6847
2002	2031
405	10727
1033	14489
946	8065
946	13211
2192	11153
4216	10398
3497	7215
4239	7630
980	12961
4766	8328
2522	11266
2650	9773
801	8756
5186	7824
4472	10317
535	6885
535	5973
535	7965
535	9963
4165	2023
4165	1562
744	10302
744	13582
5293	7833
2240	11438
5410	7760
2448	5584
786	11988
4891	9480
4450	9131
4340	9689
1659	10727
2576	11379
4337	2666
54	9307
930	3685
930	12395
1327	9912
5456	10292
659	10350
31	641
4940	12414
5233	13581
5233	14313
5233	14314
5233	6467
2192	1645
1496	9223
5287	11225
5287	5005
2271	9497
2271	9682
2271	7703
5287	4930
909	10172
909	8718
909	7807
1034	10138
1512	14316
909	11862
2278	13469
2278	14036
4186	14371
909	7684
1396	8952
5482	14500
909	1927
909	9293
445	12287
2158	7833
4316	9853
5090	7535
2604	8757
4596	5600
577	13495
577	13379
1247	6788
4257	633
3607	10026
4270	4495
4270	5725
1280	9879
2895	8843
769	4181
5020	6110
1748	12552
3014	6004
3014	2177
909	8843
3014	7092
2620	1519
2300	9479
897	10508
1452	4428
2910	3487
2784	650
697	3028
697	2408
4659	10292
4602	6224
3609	9126
3609	9335
3098	10026
3609	4632
3609	6727
2058	8144
3609	9002
3654	10179
4824	6961
4824	3567
4824	5192
4824	5258
3609	9699
3609	7438
3609	8327
3609	7927
4568	7535
786	9186
1976	5124
1976	8861
1976	10067
1976	7608
1976	10199
4628	1081
1976	9197
1976	10150
1976	11749
4628	1973
4165	10026
4165	9483
3672	9928
4858	9148
174	2632
4846	6460
1321	14526
454	9027
2029	10020
1242	3439
1242	12164
3800	12286
1929	10556
1291	8099
5059	10692
3540	10026
1318	10200
4800	14161
3813	10706
4367	9241
251	5228
196	10692
5426	10863
5426	12393
3769	9059
436	1551
436	1616
436	765
436	4293
4891	10093
4165	2022
4981	10044
658	1697
1166	10084
1166	9202
2044	12792
3283	9620
3283	10151
2997	12990
1307	1740
4317	14531
2123	9847
1606	13990
4728	10132
4543	8426
4628	1555
3272	13485
3272	9131
3272	13525
4581	12577
3272	9770
2939	4522
4357	10217
99	10692
2939	4121
3173	9195
647	9147
743	14371
5418	7961
3725	12454
5316	8934
2610	9377
2577	10117
2577	10143
2553	6891
886	13136
5034	10096
1877	1992
3353	14500
3353	10727
4083	2868
2373	9634
2296	10200
2296	14325
2296	5887
2296	7904
3044	9270
5310	5166
5310	5467
4450	10819
5310	6476
5310	4719
5310	10256
5310	6423
5310	7839
1877	10250
1877	5249
4382	9088
3239	10508
2570	9449
1234	9894
1639	13525
860	12747
4209	6987
4323	10415
4474	11379
1547	4546
375	11212
901	6312
1828	9827
3592	9794
4095	10727
930	11308
930	5510
3994	13175
108	10692
4888	1726
3904	14168
2328	1616
2328	1579
2328	8720
4596	12455
3609	8705
3609	7106
2276	9378
2704	10262
2704	7306
2704	9463
2704	9464
2704	5188
2704	5447
2704	2932
2704	7316
2704	8902
2704	1783
2704	8219
2704	7606
1834	3033
4863	10692
3423	2407
3922	13022
4091	4637
255	12902
255	9462
1317	9119
4714	14335
4714	9653
1932	10692
4714	9240
4714	14332
4714	9244
4714	11212
4714	14164
4714	10711
4714	8116
4474	12577
4474	9131
3192	10117
5051	14486
217	10022
829	13136
913	1148
1935	10117
4321	9131
3308	11922
3936	13485
4628	1816
5299	10819
1748	10352
1732	14564
1693	7962
4333	9770
1595	14486
769	7144
769	7621
769	12611
4883	3048
4883	4755
1639	13801
4454	2803
4323	12414
2440	10692
3532	1429
3532	1570
3532	1538
3532	1256
3532	767
3532	1144
3532	482
3532	14505
3532	8123
3532	14368
4082	7510
3532	2164
2656	4179
4082	12902
3962	6762
3962	7621
5233	10589
2615	4151
4915	2982
2577	9770
4915	6882
2362	12128
438	10026
15	11041
438	9492
438	9501
588	12187
1699	1303
2683	4006
1699	6487
1699	3701
1699	13478
1699	2949
3759	10217
4929	487
89	9389
1285	707
1285	753
1285	1078
1285	1541
1285	1141
4034	10623
4034	10188
5101	1707
3405	4658
1312	7566
1212	10266
1212	10692
581	11254
848	8747
814	10692
73	6804
1383	10343
1383	10334
2718	10317
5149	12197
669	8065
2315	9306
2012	10017
4284	14488
633	2698
1212	9462
1181	9913
1212	4356
1212	7280
1212	9233
2697	2515
996	1247
4636	14087
4199	10317
4199	9462
4636	10476
4696	888
970	6553
4696	956
4696	1266
1560	896
3281	698
5005	8706
2447	10534
1633	11212
1137	6484
2908	7904
1673	5947
4690	8858
1673	8120
3	11053
4165	9650
1429	11362
2388	5262
5271	6681
4391	10233
2020	10377
5223	10185
5270	1998
1889	11988
2464	6676
2464	5103
4031	9259
5486	13485
679	7333
4562	7458
4562	6621
5049	10692
5223	13211
2671	14415
2671	14442
4165	1571
55	175
2328	8147
2020	11925
2001	9747
3896	10429
4420	9501
4420	10217
4642	11539
4474	11019
4636	4706
2284	8578
4387	10317
394	1938
394	860
4636	9844
2544	9855
292	13049
939	11478
2610	10692
4337	7915
2399	6553
2399	1371
2399	3896
2399	7425
3015	4033
1585	6961
4316	12605
4316	447
4316	3015
4316	1951
4316	3021
4316	11309
4316	2026
4316	9147
4316	9652
4316	2764
4316	396
4316	9722
3609	5134
3540	9855
930	9232
1655	1297
3979	882
3979	1333
3979	1092
3979	1068
1304	6480
3979	1316
4333	9918
4578	9855
375	10894
3235	9273
1526	11934
1504	10217
693	13485
1139	1202
1139	1698
1139	1750
1516	14312
5135	9568
5135	9539
5135	13707
4304	11379
1339	11965
2009	7213
2009	14169
4940	10727
4636	8938
4137	7760
5218	1514
4270	9466
263	9028
2923	9481
705	9903
5008	12800
4445	6852
4872	11988
913	8710
2032	9208
3604	6347
767	1747
1513	7437
3507	9523
1513	6004
3173	8633
4316	9642
5308	8509
736	8281
557	8928
4965	14087
4965	8116
3607	10692
1667	6874
1667	9022
4588	10182
4588	9576
3295	13155
1713	14087
4588	6147
282	4342
3819	13022
5418	12800
4997	2462
4137	10320
5415	10317
3391	1721
5418	13122
375	9995
3047	11352
3987	8710
5418	10068
2146	12006
3672	14087
1115	6635
1806	9131
2388	6469
5445	10217
3867	7858
5445	10038
5445	10026
5445	9865
5445	12300
5445	13498
5445	10150
3540	10692
1785	10329
3688	12354
3688	9745
1928	9855
206	10706
206	9601
206	11053
206	8153
4929	616
4058	7904
3870	8977
2320	8802
2320	14192
3870	10484
2320	9462
117	9866
4058	3935
405	9336
519	8769
519	11350
519	7672
519	8904
519	7730
519	2497
519	10647
519	5361
519	8711
519	8509
4460	12800
2470	9832
3050	2484
5388	7553
5388	6182
5388	7276
5388	8601
361	5216
2940	9833
2940	7489
2925	10129
5138	1944
2247	13038
2247	7560
2247	8265
887	9887
1957	12152
1957	10282
1957	5824
3391	2210
5000	9967
19	6819
19	3518
19	3602
4795	10323
5008	11965
3071	8288
3071	9077
2968	12800
3994	9948
3994	10105
233	12552
693	9612
3336	10047
233	12831
4474	12800
3540	10710
5008	14313
229	9153
2751	11965
632	8708
632	9832
632	7581
2470	11179
82	4151
82	8526
5445	8610
19	8710
3563	9316
1011	4179
3158	10479
19	8705
19	4151
19	10356
19	8773
19	8493
4971	6970
19	8488
19	7972
19	10320
19	9739
19	14325
4762	6500
4762	9243
4762	14251
5268	14410
5268	10449
5268	11988
5268	6603
5268	6086
5268	11922
2456	1433
2456	7535
19	3491
502	1160
1349	11988
1247	8682
1247	10030
257	11457
4165	10217
4165	9855
3596	13632
4478	1281
405	13122
232	7575
830	8719
3420	7192
3420	5689
672	3021
1376	5043
744	10305
2081	13211
4334	11965
860	8824
1389	11614
274	1913
4859	9275
4489	9462
2975	14087
3245	13652
2975	7110
4517	4878
1928	10026
2388	2407
3432	9014
279	5822
456	7586
306	10710
1516	9335
4102	10074
4102	11178
4102	7102
4102	8510
4102	8710
4102	8509
4102	14325
5287	14325
22	9677
22	9260
22	7479
22	10141
22	3491
22	3525
5287	2673
5287	1039
1916	10711
5287	364
5174	12615
4165	4785
3354	9864
88	364
746	9188
4537	9855
1135	10710
2577	14313
4787	10919
2002	2498
2002	12627
2002	12068
2002	6004
2002	12172
2002	1182
2002	1878
3802	9612
393	10132
5000	9864
5000	9832
5000	3491
5000	2757
5000	7890
227	10096
5303	13013
5303	8394
5303	7401
2236	9873
2236	1545
5351	1810
5351	987
1733	10200
1733	9462
4559	7509
4559	9229
5420	6333
4087	8022
4087	4717
4349	10335
4349	10206
4349	11254
1027	4755
45	3435
45	3258
1639	10819
2068	3554
4300	14369
2568	10778
2300	2973
2300	835
2443	12800
3697	13122
3866	6644
459	12107
279	4412
1259	9628
5158	970
829	8193
1052	10755
2783	10710
1333	14535
2914	12800
1285	5100
5158	5314
452	9161
2249	14325
3355	12230
4770	9204
4770	4976
2132	1930
2132	2493
811	8098
2164	10946
2164	10053
2164	11266
2164	7034
2164	14025
2164	9492
4843	5451
4997	3186
4581	12800
1504	6471
3617	13886
2189	13109
1318	10028
239	5403
2161	11936
5472	9202
2412	10143
3621	10063
1408	4538
3612	10323
4165	6664
2717	8087
306	10464
1779	8389
5270	10386
5270	10387
1513	3527
5434	10217
1547	13973
2420	13503
2561	9575
1039	11212
4095	10221
1243	9628
4292	13109
4071	9222
5424	10643
5424	7512
59	10484
3926	10118
3926	8680
3926	9857
1129	3527
1129	4538
1491	9855
2427	13109
2427	6050
2427	9023
4787	10063
4787	10158
3647	11476
3647	7516
3647	3491
1915	14583
1915	9216
1915	7575
1915	6910
3835	13109
1145	8775
2628	9857
2628	9840
2628	4121
2628	10920
4997	3388
1540	9853
3482	11955
4252	12685
2412	11965
1333	12504
1661	3652
1661	7535
1661	8166
1312	3539
4478	7320
457	7516
3763	12616
457	11625
5418	10373
3525	6413
4097	9779
3093	9133
3093	8162
2463	8536
2463	8544
5030	10065
5032	13220
851	8373
1884	10068
2914	10428
837	8526
837	7760
837	7535
837	9512
2772	13955
540	13109
4142	13949
295	9470
3809	14092
3652	9377
930	9632
2883	10819
2648	8701
2648	7660
2648	2810
2648	5251
2648	10521
2648	9472
2648	9524
2648	5547
2648	7039
1617	10026
233	6396
171	7816
2443	10819
380	714
380	693
2337	7645
380	89
380	2648
4636	11376
2991	4934
2914	13022
2914	13122
1116	9462
1116	9463
2914	14313
5368	11456
148	14324
148	13331
4478	4092
4727	4342
2068	8374
872	11225
1806	12800
4302	13584
2199	1258
1315	1062
1315	510
1315	655
1315	7585
1315	1070
1315	1193
1315	807
1315	1126
1315	1100
1315	1026
1315	472
1315	950
1315	588
1315	936
1315	590
626	13122
627	13122
966	8870
3577	8729
3309	2973
4705	9758
4705	13107
2991	7263
4065	13049
4065	10317
1951	9298
108	13109
1951	10627
1951	9483
1951	14325
2104	764
2104	1010
2104	2239
2104	403
2104	1130
2104	2764
2104	9377
1705	9864
2636	13485
2104	8707
398	8325
398	624
398	10217
398	14325
398	8879
398	9051
398	3800
398	6163
398	3636
398	831
398	8022
398	107
398	13800
398	5751
398	1585
398	121
398	652
398	1800
398	6565
398	59
5351	10187
4137	9233
1133	10319
470	9127
4960	9892
1440	9102
1440	8547
1440	10563
894	11477
2718	9725
1547	9319
1547	8708
626	12685
627	12685
255	10425
2447	14313
5420	11186
1184	13485
2273	3248
4727	6153
3401	13622
2214	11896
4636	9104
2991	8789
1333	13220
1395	13498
1395	14036
5482	11586
4784	4097
819	10195
2390	547
355	9175
2336	2021
5103	10654
3294	5726
3294	4538
4458	3799
5203	9954
5203	10118
5203	14418
5203	10222
570	11396
570	13013
97	10155
671	7059
1352	13361
959	8191
2476	8069
3207	11614
1558	10213
2478	9415
4670	12868
1957	4658
1957	9072
1957	9111
4137	10323
4308	3271
4308	2430
4308	3837
4308	8672
4308	12605
4308	6498
4308	10707
1957	5909
1957	4538
1957	5630
3541	10464
1957	7298
3721	9778
3721	13038
3721	9923
3721	7780
3721	4713
3721	5696
3721	4241
3721	4549
3721	1745
3721	2408
1866	5399
1510	13109
5386	10819
5473	9703
959	1519
959	5756
2711	1433
2711	12738
5407	6688
2663	12685
5180	13220
1333	10503
2261	10411
2796	9644
1034	9646
2320	4538
3673	10026
3493	7853
4421	10304
825	14313
315	9247
5079	9608
3612	4049
572	9782
1733	7627
1733	10364
1733	7873
1733	11991
1733	7543
1884	12504
1733	4908
1733	6116
1733	9464
1733	8707
1733	6567
3206	10692
3206	8009
3284	8833
2914	9608
163	4954
1842	12374
3622	10654
4784	14325
4784	3068
4784	1303
4784	3202
340	7575
3873	9707
1558	10323
3873	3647
3873	9621
4939	10317
1520	1091
1408	8908
4787	2802
1605	10449
2890	10430
1605	45
1408	10100
4196	10401
3668	10199
3668	14421
377	613
594	4848
594	12287
736	11586
4710	7782
1771	10866
3839	12961
2192	7578
178	12260
178	9127
178	14325
3540	9501
3517	10274
620	9153
2460	14125
3414	9805
2032	10534
4199	12039
375	11266
1408	7516
4451	9323
4451	11352
4451	10405
4451	3186
4451	12062
4451	2401
1558	11988
4323	10421
4648	14376
4456	12800
1605	6635
1605	3439
5472	8405
3791	6139
1376	11091
3791	9080
1376	9891
3524	11586
3904	9907
3904	14316
3206	7846
4333	10692
2914	9514
4186	6759
4186	7746
4914	10242
4981	11409
4818	7105
4784	7402
3862	10451
1777	10634
611	234
398	6724
398	8291
398	3837
4593	14442
2572	10214
816	7760
2824	10190
2581	11121
1140	9376
75	12583
1647	11456
3375	8057
3375	10068
3375	8572
1841	10707
1841	2531
1841	2632
1841	6046
1841	9239
1547	8640
4349	10207
4349	11394
3141	4709
3256	799
3256	7058
1785	12414
1785	10654
4784	7797
5482	10473
4115	9650
206	5605
2153	10200
2153	7636
2153	8307
2153	13973
2153	8330
2153	8833
5415	10513
5415	11456
388	11455
3920	13096
3920	6884
3920	6922
3779	8705
913	4088
913	6652
1608	8910
1842	6275
4112	13955
3422	10214
5016	6244
4510	9525
4426	10711
2464	2384
1805	10214
1805	2589
4354	14259
603	8218
4707	10447
2219	10317
4707	6156
4267	13220
2439	10670
4401	13013
2275	11988
3432	8939
2991	9149
157	286
5261	9253
5261	1944
4478	4599
4669	10535
4669	10748
1259	10654
3540	11294
1279	10545
2914	9513
2296	7507
3596	9513
2975	3057
4416	10026
2671	13809
558	12287
1842	8718
392	11379
3176	12805
5089	8458
5021	13895
3680	4888
5450	10510
5450	2632
1320	3898
2296	4427
2296	8701
2296	8719
4952	4390
3881	9194
3881	7393
5138	1778
5420	12066
2425	3211
2300	4760
657	7775
4151	7112
1573	9577
3192	12577
1333	10479
82	9127
1899	2215
1899	8139
3037	664
308	10658
308	11478
5032	10654
4787	5061
2470	8708
3098	12354
5038	13217
3540	10310
2572	7517
4089	9594
217	2860
217	6438
217	7517
217	8706
1857	2409
1857	3620
1857	2357
1857	3037
1857	2845
1857	3034
1857	2376
626	10130
627	10130
5083	11121
2137	10173
2001	7406
4308	11305
4165	10377
4165	10513
4165	13109
4165	858
1513	3228
4165	10379
4165	7241
82	9462
82	8708
5462	14313
5461	14313
4795	14179
4795	10641
1599	11930
1599	14131
1642	8728
930	11041
1696	10310
4357	10310
1842	7112
1842	3048
1096	3807
2626	9505
4362	940
4155	13022
2284	12800
1659	10590
1659	10202
1430	3333
4246	7989
4246	7566
4246	7961
4246	6940
375	3721
5079	9779
3288	10310
4447	7948
4339	10513
3402	9628
4785	13503
4628	2026
405	10068
405	10479
4877	10470
209	10406
2284	11965
5467	9650
2553	10379
2679	9754
2679	9547
2679	9057
3551	10322
4478	14404
2622	10336
886	13175
1914	3625
5242	9462
876	10518
3816	11274
4365	14327
5270	5621
5270	5877
2361	9453
2361	9239
4420	10310
3825	12195
5442	12792
732	12577
2959	8128
2491	1740
5127	1522
3658	7143
4447	12155
471	629
1333	10239
3026	7726
1504	10310
1320	6591
1320	5473
1320	4046
1320	8841
1320	7387
3749	8478
3192	11019
3749	14371
5470	13109
2622	9514
1877	4840
1877	139
1877	184
2711	9227
3028	10239
5194	9175
1231	9853
932	8937
4610	7534
4610	9332
4949	8486
4949	13693
4903	10473
5101	2970
5399	9983
3496	9661
475	9267
4587	9843
2051	6166
777	940
550	9440
671	7944
374	9488
204	13996
4719	3682
4719	6232
4504	9057
4719	13973
5030	9737
192	3769
497	9136
2271	7261
2433	10468
3968	10710
4165	10515
4725	7890
116	12440
3396	4395
3856	13825
1791	3527
1791	14325
1791	9035
3244	7903
255	9472
2135	10437
881	6113
4362	1466
4362	594
3482	13220
227	10819
3288	8114
777	1241
3288	3527
4980	6002
931	6633
83	14057
2913	12531
1791	8705
1722	4160
1722	3693
1722	8457
5079	9513
4773	10316
4362	1356
4362	1346
4241	13652
5447	2061
4317	6069
3095	7890
1212	14325
4091	14087
4091	11480
3570	13109
4097	14497
2388	2084
2388	1492
2388	8029
2388	1676
2388	1698
757	640
1347	4854
1534	3412
5225	6162
5038	9791
389	7904
2304	14251
495	4538
2814	13584
2814	9571
4451	1602
3816	13718
3044	10819
2252	5510
4868	13220
5011	5206
4779	10641
2274	14313
4779	14179
5456	10310
3345	4709
2703	9464
1857	12612
2671	13020
1791	9462
2388	3873
2388	3364
3345	4103
3345	9726
3345	3098
3345	4658
4795	10202
4362	13222
4362	9743
4362	9649
4362	2769
4362	1144
4291	8770
5402	10710
4795	13109
4812	9855
2388	2270
3353	10502
2060	10313
655	9068
595	7738
4008	7772
1197	8660
2576	10769
5246	10503
1043	14192
1547	9214
5213	10974
1547	7298
4543	8485
583	14179
2637	8509
1247	4538
5418	9734
1693	6488
1693	7798
1693	6261
1693	7020
1693	2876
1693	9031
1693	7761
1693	5944
452	9652
1735	10709
3589	10511
604	8154
931	8124
3121	10331
2473	8442
2473	7575
2473	4319
2473	8385
2473	2039
2473	7363
2473	6154
2473	7517
3546	11925
1079	10215
2098	14347
1079	14312
2709	10353
2709	11771
4797	8654
3888	6256
3561	14182
1091	9462
2948	6385
155	10502
836	12583
3272	13022
2487	9906
832	10503
885	9679
1241	4890
961	8710
2300	9283
1137	7543
1652	9855
1492	10516
4784	7716
4784	7779
4784	10004
3922	10509
3981	14125
2978	7282
5470	10158
3098	10310
1192	10341
5482	10460
3199	13109
3199	9855
3199	2822
315	1663
405	14071
5106	10819
445	7404
474	10532
4970	5535
4165	11903
4165	9571
4165	9803
4165	10804
4165	8288
782	9283
782	7275
782	8569
782	5897
782	9464
1866	9222
3055	14049
5444	9860
5008	13022
5049	10649
3540	10322
381	904
381	1533
381	10317
381	983
381	1002
2362	9942
381	9202
381	9462
381	314
381	9464
381	8833
381	582
381	4428
815	14522
815	14436
815	6276
2388	2410
381	1975
5052	14071
2362	12196
4817	8166
2248	5664
445	6336
659	6098
659	8526
3462	8315
3462	10233
4763	10157
4763	9127
2319	10513
2987	9845
2987	7998
2987	9260
2987	9752
2987	9872
2987	9412
2987	7869
2987	11927
2439	11668
2439	10193
2625	14336
3401	10674
7	9836
4888	9523
4465	9202
1050	12577
1583	9392
3846	7272
4397	10894
1586	434
5242	3358
5242	10200
3431	9593
2081	9652
5316	2062
2019	6936
435	5216
1926	14092
1737	1001
1716	10310
1716	10692
1716	10331
1932	5724
4184	7814
4082	11771
514	7484
4082	7351
4184	4065
4184	7243
4184	7939
4184	6194
1605	10397
1605	8826
3540	10346
624	8607
292	10397
2161	7197
705	3060
2161	9149
1271	4121
820	10711
2261	10488
1595	10503
82	8705
82	9057
503	10692
1225	10346
105	13109
209	13131
315	12914
3266	10532
2192	2833
1547	9897
913	5826
2625	12230
4220	10037
4598	8576
4598	2698
4598	7902
4598	14325
3600	11795
4297	11272
1639	10674
2281	7245
5106	10626
3448	10374
3767	8893
1815	8732
1815	8691
1815	7493
1815	7325
1815	2431
1815	3572
1815	2138
1815	6714
1815	4989
1815	10253
1815	5317
1815	6264
1815	3338
1815	8656
1815	11775
1815	10974
1815	8701
1815	10922
1815	5264
1815	11806
1815	7938
1815	6603
1815	1762
1815	5508
1815	3491
1815	9974
1815	4819
1815	3683
1815	4818
1815	1422
1815	2991
1815	6715
1815	4504
1815	2034
1815	4502
1815	4079
1815	3340
1014	10986
1815	3033
1815	8012
1815	3851
1815	6682
1815	3069
1815	3087
1815	3086
1815	2039
1815	7456
1815	6739
1815	5356
3767	10550
1504	10685
5250	10513
5407	11499
446	14533
4659	7751
1732	4131
1732	5792
4605	5456
166	8458
166	7920
2627	12861
2627	12171
2328	1913
5315	10654
5315	9809
4559	10711
930	10322
5472	9516
5472	8705
4929	1468
557	1373
2255	7136
4116	10346
3499	8306
4469	9056
3014	1047
4812	10974
2711	8729
2572	8808
4765	10310
211	14223
2212	296
576	10277
4731	9390
5435	8884
758	8320
3636	9805
2051	13131
1352	9808
3612	2452
5305	8384
1058	8711
2299	10649
5288	8708
5425	7635
2981	8741
811	9466
5461	13022
5462	13022
2683	11343
2683	3822
2683	7056
2683	7938
2683	4956
4209	10346
641	12062
641	2560
641	9502
2691	14418
2691	9817
2691	9221
2691	2741
3173	11272
1333	10242
1333	10329
4489	8621
988	7023
988	6696
926	5572
4082	2686
1339	14513
3132	3765
2388	3338
3578	12196
4841	8153
5233	11371
3258	1543
3258	396
815	10200
3258	743
815	2215
815	9632
815	4577
815	1462
815	12902
3258	1041
815	2591
815	8397
815	1091
815	5728
815	3302
815	2689
815	338
815	9705
3258	608
815	1144
815	189
815	3682
3258	2548
815	5592
815	660
3258	2224
3258	3689
3258	3098
3258	5597
3258	1380
3258	1378
4397	9677
4397	9799
4397	14092
4397	9904
1263	8325
1263	4814
3546	9431
3089	10892
4495	2434
4495	1726
4525	10706
1283	8471
5486	14435
5418	10957
4095	10175
209	14089
2860	11063
1789	12074
3910	11795
452	6731
2061	9339
2061	9057
4676	14442
4676	12800
2885	10499
2885	10450
2885	9857
4773	2391
4773	9126
4676	9131
4676	13485
4676	13022
4676	14313
4676	11965
398	1150
398	5140
524	8013
1520	2634
5135	2409
2793	4870
1283	10986
4980	10174
1298	9233
932	10688
932	13220
3827	9283
1884	10674
1454	9057
475	9297
5309	9269
792	10262
792	1763
2914	8601
4398	9044
516	7566
4786	5872
4786	1123
4786	1789
4786	1567
4786	2018
4786	7625
4786	3021
4786	9377
4786	5361
4786	12039
4786	9464
4786	4599
4786	5184
2388	2847
2727	10112
2727	7890
3463	10204
2727	11121
2388	2332
4491	3870
3037	13107
3037	1560
3037	4709
3037	11
3037	1390
3037	1555
3037	1333
3037	1580
3037	1545
3037	1535
3037	8025
3037	1281
3037	1292
3037	1300
3037	2074
1333	12685
3037	7830
3037	1527
4491	9779
2009	9161
3037	1325
3037	1542
3037	1563
3037	1452
3037	1306
3442	9708
3442	10219
3442	3765
3577	8718
4165	10532
315	3535
3284	10620
2044	10674
5180	10689
865	8771
2739	8945
3370	9590
1782	8956
757	9022
757	1140
1283	14127
3482	10688
2013	2018
2013	2243
5309	12395
5309	8239
5309	12152
5309	1766
5309	9555
5309	1433
5309	1563
5309	1702
5309	2588
5309	781
5309	3037
1595	9514
2029	10711
3194	8048
3194	3083
3194	8764
1463	11362
3194	5444
3693	11771
1547	1222
3282	13039
2388	4043
4362	8726
4362	1007
4362	6447
4362	1613
4362	1022
4362	891
4362	854
4362	5317
4362	1553
2577	12800
4195	7242
2035	9115
4040	6884
2972	9430
3462	7495
2299	4648
5418	13497
5403	10457
1758	9222
4875	11832
644	3034
644	9546
4478	11254
1521	11152
4478	4043
4061	8143
4252	13881
5246	10674
5153	10957
619	4714
4928	10317
3586	3886
1295	13619
4795	10416
99	9244
1283	10185
4082	10631
99	10310
2031	11539
3391	14284
3391	3211
1535	9438
1535	4969
3524	10473
4155	9999
4155	10674
2061	10322
1454	9339
1454	8719
1454	8526
1454	8718
2388	9009
644	1701
2388	6444
2388	10073
2068	9412
3194	9427
586	12354
586	7118
3473	9925
3053	10269
3053	12801
4670	3765
5149	10346
4495	1807
4495	2026
577	9140
164	7555
2792	9904
3473	10107
3473	10111
2633	9552
2633	5320
2633	4390
2146	5850
152	10706
4888	7311
3660	2905
90	2803
5032	13131
5032	10689
37	7306
37	8526
2980	8075
82	10334
1408	9879
1408	9937
5424	9333
1408	4729
2412	10502
2622	11028
3951	13825
2577	13022
2622	10654
3272	12800
1166	9650
3272	14313
4532	7378
3272	11965
5153	6439
5298	13497
5084	9381
4165	6715
1333	10509
5106	10509
2313	14429
3345	9215
4732	2439
2836	14325
4191	6637
581	9999
1194	10313
3192	12414
3192	10654
2321	10346
3695	10793
4897	9879
1584	8579
743	7562
4707	1845
4897	10213
4897	7393
3774	4248
3774	3855
3194	12463
4454	10755
4564	10161
4564	10673
577	6724
4183	10071
1552	486
1552	6687
1552	10177
4787	10450
2012	10674
261	7559
3581	4188
3581	2741
2980	9148
4764	10769
4916	5356
4916	4436
1017	10692
301	8668
301	9927
3622	13131
4623	10100
4774	4390
985	8507
4362	2093
502	659
502	758
502	2061
40	10416
281	2474
40	10194
40	10067
40	10233
40	14418
1142	10262
502	759
281	371
502	1243
1142	5192
2980	10692
3147	4472
982	7334
2743	13652
2743	4844
204	3796
1106	10258
280	7814
318	8222
318	3371
3867	7058
5425	14192
1993	8246
962	4249
2412	10161
4894	10346
1107	5724
1175	9440
5218	1293
2464	4063
2044	11129
1431	9865
3484	11376
5258	7158
2914	13131
3540	10793
2084	11965
2084	8965
727	9827
3422	10543
823	9836
5197	10755
2496	9677
4450	14089
3555	10711
3555	7438
4095	10376
3931	10752
3251	9018
4644	8920
3931	13497
5410	7779
2991	6482
3229	9652
3044	13485
1576	11680
2592	14537
4143	7403
3729	9202
212	6261
212	110
212	117
4587	8166
2493	13131
3582	6965
2890	10837
3855	3061
3855	7331
3855	3039
3855	11806
3855	4714
3855	7036
5001	8943
3855	6286
3855	1303
586	8771
2321	7961
1791	7902
1791	14551
1791	10606
2577	10964
2388	1396
1017	9501
551	5413
3249	10439
5084	9927
3123	13944
393	10689
1546	12354
2779	10509
1513	2042
3626	13212
4454	8653
2734	6755
3886	9004
3886	14405
2734	4823
2734	1069
2734	1317
2734	1217
2734	707
2734	10930
2734	2007
445	14405
2187	10045
4547	11480
3189	5572
4801	10798
4925	13131
2910	7242
4799	8553
4799	5055
1993	8710
1993	2632
1993	4538
4799	13973
1993	639
1993	232
1993	756
1993	253
1993	761
1993	507
1993	315
757	3490
4894	4538
4763	10317
1133	7964
4155	10964
4323	13200
4799	9453
4799	6447
2553	10134
801	8804
950	8867
829	13131
4155	10230
946	8683
946	10718
946	12277
946	707
2319	11988
1318	8588
3771	9368
5272	4880
1318	6750
1318	6748
1318	2666
1318	7601
4483	10685
2914	10448
4801	10474
4478	2443
2015	11039
3921	12275
2047	7851
223	14405
4925	10448
4310	6116
3729	13650
3448	9270
4952	7516
3600	14089
3974	10153
393	10223
1279	10688
4593	12800
2388	1431
560	2110
3010	8506
3010	2408
211	14313
2207	8640
3827	9339
3827	2902
3827	7792
3827	6769
3147	10322
956	13724
3856	11865
3538	13131
3538	5379
3538	11272
4902	12609
1131	9246
1131	8932
148	10711
4456	14442
3288	8669
3288	5062
899	4244
3659	9732
3659	11974
3834	6358
3834	9057
1639	13131
3423	14325
2694	10322
148	10455
5264	7242
930	4564
930	6586
802	14211
3835	14405
2124	10798
2328	454
3437	9223
4104	5818
2242	8020
2242	8812
2242	8166
2242	5091
3119	14312
4131	8423
1225	14405
4659	3461
4659	5639
4659	7918
2914	10376
3827	8504
3827	6102
4095	10496
2361	9492
5472	10513
2388	901
276	10317
559	9607
3487	9738
731	8766
1513	1376
1854	9351
4362	2014
4362	1652
2529	11122
4169	12456
4169	2633
5083	8837
1318	9652
4068	10423
736	10484
736	9420
1266	11449
3540	14405
4894	7890
3186	10794
2796	10323
5032	11395
1504	9241
5298	10957
4272	9239
2060	14314
5305	13131
644	2518
480	10029
480	10346
480	10692
5039	8802
5039	11487
3116	4
1319	6407
2061	8710
4773	6575
5305	10376
2061	8718
2061	9233
2493	14089
1454	8710
1454	9233
1454	10322
1454	10334
1166	5055
2663	10376
55	11102
5316	4532
2751	4538
2453	9060
2453	9234
2453	8711
4421	12394
2914	14466
1205	9004
911	11671
911	9890
736	4295
4187	14466
3409	10964
1333	10674
1333	10750
2663	10964
5305	10571
3482	9999
4763	14312
5462	11965
5461	11965
1166	9233
2968	10963
819	10862
3053	13757
4068	10617
3839	10376
4202	11988
82	10322
82	9339
82	9233
4659	8771
1663	12801
1663	9747
1025	6307
930	8771
1408	8282
1408	10222
2032	10335
1567	11808
4104	2878
4104	8449
1184	10508
3540	10344
346	8722
1450	8526
1450	8710
1450	9057
2757	10540
1454	9127
1454	8708
3819	11028
2974	9582
2479	13039
1259	14466
2697	5859
2479	595
2697	10709
5452	7961
2306	8649
4095	10742
3770	10026
1117	9501
90	10295
1243	10964
1639	10161
2061	8526
2061	8711
2061	9462
2061	9202
2061	8719
2061	8705
2061	9127
2061	8708
4713	3685
4713	7036
4713	10711
4713	7306
4713	10323
4713	8710
4713	7944
4713	1459
4713	1909
4713	2020
3729	10104
2275	6696
95	10694
4074	6079
731	8461
315	10362
731	13495
4340	8162
5008	10964
3915	14325
1791	8708
1791	8710
736	10537
2914	10957
4795	6585
4659	10344
211	14466
4494	13778
4494	10467
4494	8700
4494	8310
2078	7437
2078	2093
1291	5079
1291	10409
223	10734
3749	10455
2140	7568
5246	10957
82	9202
82	8718
82	8706
188	10344
1318	10030
3452	10344
37	7961
2043	12577
3691	10957
2460	9143
2460	9756
5448	7869
5448	11925
429	10955
5448	11936
0	10344
2968	10955
1840	9321
1840	5531
1840	3040
4196	10955
3396	6457
4068	12672
4474	10428
1998	4079
2174	12174
2174	10313
2174	13173
2174	10643
5038	10344
348	6156
743	7175
1120	4346
1120	8853
1120	10416
1120	11891
1120	8307
1120	14521
1120	9239
1120	8166
1010	10710
3014	2200
4681	1241
3699	673
3526	14325
1166	6474
731	7640
3032	9264
3884	11532
5280	11305
5280	3021
5280	5500
5280	10158
594	9286
594	302
2433	10666
3383	12196
1262	671
731	8509
1862	4829
4720	11100
4720	7187
2914	10963
2914	10964
2914	10955
2862	4097
3354	13215
1233	12720
3294	9462
93	9786
3288	10344
1795	10742
3133	14325
1297	10719
5383	11041
5305	14466
2663	10957
1807	5294
2663	10963
1704	9794
1704	8694
1704	14078
1704	1899
1704	7188
1704	7805
1704	329
1704	460
2272	9471
2577	10428
4317	10344
5297	8218
2130	9009
1079	9652
1079	12311
641	11795
4970	7392
4184	6598
3757	8693
4593	10957
5331	4126
2005	10200
2005	1372
1724	5846
4609	11920
4609	9354
4609	10141
5452	7404
2154	5531
4609	10344
315	2799
2255	3609
2751	10643
2751	10845
2153	4854
2153	8424
2153	13886
2153	10344
2153	4139
2153	9283
2153	10346
163	10493
4790	7453
721	10674
1807	9674
1807	12577
1807	9239
2124	13389
3648	11446
3648	11452
3648	10262
3648	14405
3648	10464
3648	8952
3648	8710
3648	9463
4659	5584
4715	3921
4715	8691
3025	3685
3025	4146
3025	9578
5246	11590
3131	8166
3131	8711
1639	10673
2650	13131
2650	11795
1639	10957
4790	6603
677	11452
3110	1413
553	8893
3354	8509
594	8757
1317	6061
3542	4658
2663	10955
3542	8307
1025	5715
5178	7698
4170	7122
5378	1069
1263	8553
1263	3522
2614	1543
3330	14488
1209	9223
1209	9224
3017	8771
1404	9914
4908	1297
4908	2110
4908	1997
4908	987
4908	2026
4908	2297
4908	1812
4908	1496
4908	1198
4908	11307
4908	2310
4908	7096
4908	7312
4908	1762
3063	10594
4291	14089
1532	6360
1985	8842
759	10322
3991	2419
3991	7306
3991	1685
2621	9554
3691	9999
1624	6156
1504	10684
1807	10711
1405	10674
2343	10385
1243	14466
685	8111
4925	14466
5088	8771
767	2114
2639	4004
3109	1708
1576	10752
1166	1078
1166	8818
5378	403
3466	14415
5378	953
666	8719
2493	11457
5193	13749
666	8710
1408	12665
1667	4711
1667	5467
787	708
5425	10931
4155	13795
4339	8771
627	10955
626	10955
3999	8701
5029	6692
4105	172
4105	6472
4105	1053
4105	533
2726	8082
2726	2133
2726	14107
2726	5701
2703	10344
4105	471
4105	518
3401	9612
5106	14466
5382	4275
3278	12800
829	14466
4317	5189
1294	9597
567	9492
4863	8163
4539	10344
2118	11452
5073	13652
2311	10752
4489	9004
4478	3338
3399	3856
3553	9671
1567	6830
3353	10448
1168	8065
2705	9221
4561	9182
4989	14141
5233	14164
5104	10766
3375	12195
2035	13973
129	10314
271	11795
4065	14405
1234	11446
1465	8282
1465	14061
4239	10611
1465	9221
1465	4121
1465	9401
3861	10472
2459	10626
3918	9522
2459	12286
2033	10376
1777	12025
75	11107
2499	8718
2499	9233
2499	8710
599	8718
599	8526
599	8710
1450	9233
70	14335
1389	14251
2274	11590
95	9192
3998	14125
3400	10344
2844	3026
1390	8504
1390	5581
5299	12800
2458	10383
2707	10594
3113	8137
4095	13749
3408	14036
743	5356
2060	9398
4323	10591
5305	10782
3192	14435
3241	11376
5034	13327
4758	10416
4367	10631
3800	10536
5383	8509
4520	1611
2410	5983
4888	2965
3808	6360
618	11121
618	4092
5432	10344
5432	9466
3991	1705
3114	9610
2881	10344
2881	10346
5038	11395
3249	9537
2671	13622
2671	10117
4263	13519
5383	5473
2299	14036
2671	14323
5287	5480
5287	9108
3825	6062
3447	10344
3447	7575
3447	14325
3447	6456
4801	10659
3994	10430
3994	7575
3994	11795
4483	11121
4483	10544
2221	9157
4058	7521
4058	8118
2914	11590
4487	12054
4922	8118
4774	4208
5208	12846
1271	7835
726	4709
3466	13795
2923	7298
2909	10664
4774	14619
1862	10512
3998	14179
3133	13485
3405	5365
3405	10710
781	10492
712	10344
712	6553
2930	9339
2930	8099
2930	7863
2930	3868
2930	7578
2930	1700
2930	2341
2930	8672
2930	5577
2487	14466
2930	4113
2487	10449
2930	8767
2930	4069
2930	3042
2930	6717
4517	9077
274	10692
2240	10498
2930	6173
2930	1913
2930	3038
4573	216
919	3491
4573	350
2991	4305
2991	6211
2991	10078
1812	13497
3563	11290
930	9235
930	8154
4960	10632
1129	3817
1129	6305
1918	10408
1797	13389
5383	7500
2911	6937
3809	9338
3809	10450
4474	10683
1881	10137
164	4386
164	2407
5197	2803
885	10843
3540	9571
2191	9283
2191	10706
5315	10594
4597	14551
1893	3635
1893	8935
1893	10283
1071	9999
5033	4538
1311	10236
1311	12068
5033	3491
5033	14562
4713	11212
4713	6321
4713	14325
4713	6061
4713	9242
4713	2375
4713	9215
2451	7088
1129	6304
1129	2165
1129	2968
1129	6810
31	61
31	1710
3612	6804
2374	2990
2374	2989
2374	2642
2374	4709
1115	13976
2709	5314
3331	10759
2981	7157
4364	10614
4272	10026
1570	7467
1570	10191
1570	3747
3282	12745
3563	10897
3563	10643
3563	10737
3563	10313
671	11203
4688	1327
4333	13525
227	10479
1166	10344
4333	9131
773	14106
5397	10080
814	7595
773	10272
2456	8157
773	10821
2180	5811
2180	8755
2180	13886
1881	14245
1663	4445
1584	11130
5047	10026
2300	10577
4089	10611
1707	9379
36	5933
4659	5206
4016	11130
3207	10327
3207	9380
3401	11590
812	14286
4040	8269
2275	3428
4165	10684
4165	10675
4165	10661
4165	11454
405	13131
2991	8708
227	11028
671	7500
671	7955
126	10344
1608	1255
281	10795
3249	10777
2636	11028
1294	5676
1085	10547
1326	3491
2373	9803
2373	7564
814	10581
1652	9803
1682	10189
120	11663
4680	10759
4685	7342
5051	9809
4685	3154
4685	5456
4685	9250
4685	7130
4685	569
4685	8250
4685	8387
2514	10001
2606	10025
1333	9779
1333	10376
4397	6557
1998	2387
3409	10963
1319	6064
5214	6048
2991	9826
577	7609
885	9270
2991	9258
3691	11744
4504	10344
189	10344
1918	10596
652	6381
524	2431
524	8729
524	837
5166	1224
4562	14405
2412	13131
4562	12795
2582	7521
2044	10689
4583	10728
3283	10812
3590	9584
863	8718
350	9559
375	4538
94	10686
3726	4224
4830	9306
254	12786
4830	7530
5415	9586
5415	9004
5415	10793
5415	7350
5415	10314
5415	14405
5415	11444
5415	11446
5415	10577
5415	9335
5415	10706
5415	9805
3586	3822
3586	11354
4532	5108
2750	9896
2750	8126
4531	4707
4531	8843
2575	9977
2531	5741
712	4848
238	10897
1876	6044
1876	8856
1876	11671
5277	6901
5277	11923
5277	11290
5277	11285
3875	9985
1789	10789
671	2391
671	1555
671	1081
3875	11811
3875	9653
2528	7819
2528	13749
4313	10501
4445	787
4445	9312
3015	9393
1639	13749
1877	65
435	10606
486	9639
4863	3037
1383	10789
1689	14423
1689	10805
837	13003
4539	11452
5089	7969
4095	10769
2525	4218
685	6058
2040	9356
4852	14514
3423	8720
3423	7127
2129	8166
3951	9250
3825	2888
3825	11539
3462	10416
2044	9440
1297	8638
3462	9990
177	10478
5234	14618
697	6483
4937	10026
5379	12068
3370	6639
3476	7562
3476	9855
1748	13362
3476	3491
1443	9339
1443	10346
1916	13022
2470	10655
868	8912
2914	13327
2914	13749
34	8598
34	14325
4421	12172
4220	10806
2187	11375
4939	9683
4939	10741
1333	10955
4302	1459
112	10963
3477	8308
3477	10194
5083	11846
567	10577
5378	676
1935	10957
2127	14325
3047	13131
2253	11146
1333	10527
94	9904
4971	10284
5130	6624
4965	11326
3740	11379
3657	3106
4795	13646
4795	8092
3234	10826
4795	11452
4795	9530
4861	11715
4861	6624
2594	9515
5425	10347
2057	9496
3866	9463
3866	2670
4137	7824
257	8985
2948	13584
2948	6503
2948	9058
4834	11446
3866	954
3866	9378
5403	10046
1389	11272
5071	13796
5071	10322
3389	10376
777	8924
1584	10684
917	10675
4139	10522
1771	3288
1771	13528
1913	514
1297	13020
535	6688
4804	8579
4426	8524
1790	12025
1790	4023
183	6458
5323	9283
5323	10986
5323	12186
3284	11452
5323	7685
5323	10344
5323	9698
1294	1330
1791	3491
3192	11795
3973	10649
3890	9836
139	10772
814	9241
2415	10692
4758	10929
5368	10522
2435	9114
2435	6028
5225	6922
4729	11764
4875	10112
5345	10556
2160	6404
4659	1698
4465	8094
5397	13581
1705	14347
3431	13478
697	677
697	855
4829	10089
5119	7566
2974	10594
3612	3220
220	7550
5379	12627
5379	14078
2527	10811
3725	9663
3177	6884
3177	660
1279	8842
1489	8144
4940	10089
1913	523
1913	7181
1913	129
5379	10061
1212	14614
3192	10376
5197	10510
5197	6013
4426	14332
885	14323
3192	14089
1837	10728
743	8729
767	2115
3192	11457
1471	8710
3192	10964
912	13318
4356	10963
2163	10785
3866	8767
3028	10342
4209	13478
4420	10344
4420	11452
891	2173
4547	14332
3300	12800
3516	13485
2300	9491
4008	9325
3866	4092
4966	9661
3866	4526
3866	12254
3230	8231
3347	9148
4863	2270
3402	13327
1019	3527
3028	10728
5008	12032
3028	12952
3028	10594
2751	11932
405	10423
5265	10314
4196	11042
405	10153
624	9832
5459	8601
5459	6903
4568	3020
4568	7112
384	3074
2553	14429
1257	12720
2274	14071
313	10302
1337	12720
690	10626
690	7353
690	9077
690	5231
690	5100
690	6582
565	5834
1528	10344
5142	8771
1074	14415
3740	10401
2914	8539
4165	10577
304	6633
724	13327
4213	12074
1913	9471
5032	8539
2639	3097
2639	3817
2639	2873
211	13022
1277	10322
3386	8509
211	13131
3151	2833
3143	9501
3151	3091
3151	3799
3721	12180
3206	2845
3206	3685
3206	9593
5034	10175
5024	10654
2412	11457
4926	11452
1233	14399
5101	3046
3909	10344
1653	10048
1967	14430
4333	13122
1994	11305
2240	13715
4795	8288
3621	9871
392	13749
885	9670
980	12504
2276	5400
3420	7747
302	129
3915	11435
4426	14390
5084	9649
5305	14458
5266	12172
965	11212
3765	8166
4478	8740
4478	10480
623	8403
879	8165
3827	10286
3827	12990
5060	10821
2883	11042
3386	10606
3921	10727
3869	5574
2022	1901
2022	11396
4449	2056
3729	5672
4498	10037
4498	9712
4498	3576
4798	5231
2832	9339
1450	9339
2036	10522
4746	9743
2896	8657
2896	454
2896	6703
2896	4836
2896	6300
2896	7280
2896	3977
2896	5166
2896	5384
2896	5473
2896	8711
1142	2462
1142	9379
2002	2804
4112	8157
1639	14458
1376	14405
4940	9645
2523	10734
409	5577
4498	9771
2051	9311
1653	7086
4498	2248
4498	6007
4498	9183
5264	3889
2787	14214
4659	10692
671	10371
671	4980
671	7583
671	12005
5224	7260
671	8353
2114	11326
726	10817
726	1674
2127	7562
3928	9765
233	9145
5320	747
2773	7781
319	13504
2773	10310
319	3756
2773	13109
2773	6894
2773	9453
594	10315
163	8517
163	14598
163	1849
1403	12230
1014	11108
227	13220
112	10594
4397	9903
2388	897
1091	10263
1091	9113
1743	6328
4659	7096
2159	1613
5084	8665
5084	6605
3050	9437
5034	10617
2388	2008
1812	13327
5084	8218
5084	7448
5084	9215
5084	9139
356	9243
356	10858
3462	10772
3680	6061
668	9476
5172	13497
4927	10460
4707	9806
3592	10862
2888	10929
2981	9495
2981	1979
5264	8094
1017	8291
1429	7849
1012	2307
1012	1974
1012	1980
1012	2050
1012	1756
1012	2008
1012	809
1012	833
1012	1266
1012	1027
1012	1469
1012	8012
1012	1072
1012	1125
1107	6861
3192	10957
1258	8475
1258	4244
1258	2825
2729	7371
3192	10955
1417	6439
4564	13749
2852	4369
1520	3382
5084	6856
930	9014
498	13109
1913	4409
5106	12720
4659	9672
4659	7192
2804	8707
5368	8833
3362	9310
3362	3574
3362	3116
2819	9775
1402	7242
1402	9652
1402	5764
3300	10638
3998	13481
3998	11480
680	10346
680	9391
208	4092
208	10660
4722	13109
1166	12914
513	4628
513	4121
832	14458
3999	970
3272	13497
825	5401
3984	8601
2940	7833
3984	7043
4478	4195
4432	10955
99	10817
4764	10175
2432	10344
211	10373
1513	7516
3192	10766
4829	10962
4863	8491
550	10674
2579	7110
1651	10898
2579	9057
567	9483
2579	10711
4829	11683
1281	11445
1841	12627
1841	3353
1857	5585
1857	2124
1857	3271
2180	7814
1857	4503
2180	7516
2482	10820
4095	14520
5315	10782
2127	4538
254	10667
5424	14459
3409	13868
1333	9999
1333	13749
2804	12032
3592	10709
1639	10667
627	13327
626	13327
3066	5390
3066	11210
254	10766
3249	11376
86	13379
86	8717
86	9339
86	1762
86	2434
86	6769
86	11308
86	2026
86	6575
86	7458
3985	10065
2940	9462
5084	11099
5084	9233
2975	10233
4573	558
5395	3855
367	10692
2577	10674
4145	10522
4145	10161
4292	10898
4145	5089
4145	9924
2212	10848
4145	8771
4145	9175
4145	6835
4145	11272
4145	3685
4145	11582
1555	2788
2606	13500
2606	10569
2606	12861
2606	10313
2606	12171
5395	7694
5395	10602
5395	4976
5395	10932
5395	3825
5395	14347
4484	433
4484	1247
4484	1248
4484	64
4484	103
4484	255
4484	463
4484	315
4484	91
3695	10522
4852	13529
1474	1302
4687	6696
5000	7173
5000	6460
5000	11832
4547	10441
256	9827
202	10233
866	10540
25	10847
5456	8514
4165	1202
4165	10466
4297	13379
2912	24
4212	10986
4118	11896
4118	4654
4118	7185
3321	10513
4118	12957
4155	12224
5399	6013
4581	12136
2751	11928
5180	13795
4099	209
4099	435
4099	852
4099	4848
4787	10900
9	13478
9	7760
9	9353
9	8694
9	14038
9	4600
9	4895
9	9832
9	5403
9	3518
9	11813
9	5356
9	9127
3151	2845
671	9462
671	7350
671	1420
671	10344
671	7801
671	3701
2943	10468
1233	14458
3192	13749
1404	11395
668	274
16	12136
599	10322
2832	8719
2318	8021
2832	9057
4396	6922
4396	10663
3586	4188
3586	2697
3586	2666
498	5478
1892	7289
4474	10962
4474	10731
5277	454
2486	13327
2320	11212
2973	10273
3540	10898
881	14466
521	10711
392	14458
5071	3561
800	9850
2912	10029
2700	6687
2700	4538
4801	11147
3278	12032
3278	11042
156	3799
156	1264
156	1227
156	10139
156	1038
156	5339
156	1091
156	6061
5381	13503
5381	9216
4547	8735
3191	10281
3395	1537
3395	692
1518	4871
4758	13845
2863	9514
3151	6835
1190	13498
3151	1245
2997	13318
3985	5897
2851	7052
4910	7306
2040	10623
103	5085
152	13749
3337	9428
3337	4519
3337	4763
3488	6185
1639	10867
4291	9914
4349	14458
4902	10345
146	10416
4298	3505
4286	12455
2045	11452
553	2058
2196	10289
9	10003
9	12054
9	14457
9	9244
9	8065
9	8094
9	12066
9	5471
4609	7777
5052	10766
4609	11930
4609	7181
778	10706
2318	7320
3473	10848
2570	10729
4863	9148
2586	10344
4971	10599
3192	10882
480	3713
763	9246
4761	4647
5270	1228
5257	5648
1492	9574
3253	11212
3253	9453
577	8166
2050	8574
2050	7035
2050	10510
4801	10780
1312	11925
1312	8166
3044	14449
5008	11590
5008	11526
3902	8726
4542	11152
4709	14323
2056	9730
552	11669
995	8457
205	9717
205	13799
3284	11446
3284	1597
3284	4081
4297	4003
80	3527
80	6361
5257	30
4095	10689
2051	5037
2051	8699
2051	10709
2051	8749
80	9719
1208	14312
930	5379
2671	13868
4450	11030
4478	5384
3681	10346
2577	10957
3231	11362
4268	14251
127	5798
3396	5013
3396	5724
338	6159
232	9202
3284	9894
1079	14251
5242	7482
3206	9740
2416	9460
2045	10224
4897	7633
4897	10711
4897	12565
82	12136
2130	6469
1668	11539
1668	3191
1668	11041
1668	11852
1668	1974
1668	5904
1668	3309
1668	7885
1668	7320
1668	7747
1946	9745
127	10411
4086	2105
4086	5663
895	11834
3147	8712
2435	10112
1994	9222
3080	3263
5340	11795
2219	13634
3540	10345
2973	9164
2496	3173
2496	9880
3259	2093
3259	8804
3259	749
3259	1123
3259	14325
3259	8722
3259	3889
3259	1224
4333	11030
5461	10376
5462	10376
4661	13795
4416	10331
4211	10556
3985	8186
4491	13793
3526	4179
1617	10847
1617	10344
1617	10310
80	5510
80	8701
80	9964
2635	8894
80	9436
80	454
80	6404
80	3701
3681	11447
80	4635
80	4135
4988	10756
3565	8711
3565	14405
4489	3110
2755	13402
1044	10924
1044	10370
3907	2965
5261	6385
3907	6336
5261	9650
3907	7516
5261	694
1294	4732
1195	4621
1195	6922
1195	8389
4582	10418
4582	10854
4582	10848
338	5792
2270	7930
119	11452
2259	10532
810	4538
5378	954
4834	11139
108	10612
621	10982
3191	9805
903	9288
3177	2450
59	11079
2709	10792
5045	7535
719	11122
5049	4125
1452	11362
4801	10918
1547	8111
4829	12136
1360	8272
338	9185
1452	10911
3586	2794
3586	3043
329	4303
3068	10639
5149	10701
5149	10344
3868	10814
3868	10766
3248	10614
5400	10852
2620	2824
3241	10344
3241	9652
3241	2742
409	2673
409	6961
38	7290
1496	10819
4914	9513
2897	489
2897	1445
2897	1034
4914	10674
5328	14145
4086	7320
4086	2341
4489	8358
916	10723
4071	10822
3605	6439
4389	7633
3659	5724
4605	13107
5482	10867
3604	7831
4040	4161
4040	14449
1642	5396
2271	13503
2271	5800
4661	10963
4661	10593
286	8054
1213	2673
4746	5314
1150	10230
2954	11107
5149	10918
1806	10810
4443	2813
4443	784
4443	169
4443	75
4443	30
4443	65
4443	120
4443	9464
3580	5365
2385	7064
1025	5718
1025	6460
3803	12163
3803	12623
697	11362
697	7567
460	7500
460	14325
1539	5308
3717	10904
4858	6725
460	8711
2981	10121
3042	10855
1668	8065
5051	12536
4420	11273
1624	10833
3609	7500
1385	8338
5051	10752
4804	3439
2887	4496
3475	10200
5051	10994
346	10127
1928	10854
2959	11273
2959	10898
2959	10685
2959	10520
2959	13796
2959	7824
2959	8218
965	9242
965	778
2388	8729
329	11478
5399	10100
4137	5384
2094	11539
3280	8330
1936	12224
5383	14305
913	7025
329	8988
3248	10651
3540	10886
4995	9232
5079	11030
5051	10689
5089	9033
911	9764
5340	9536
2703	10734
5425	11669
5425	10849
5425	10871
2063	8757
5425	14336
1998	8942
520	10685
2418	2670
2957	9809
3288	7303
5444	10728
3423	5628
1928	10418
4495	6471
4495	3102
3979	2597
3979	1927
3979	1826
3979	2215
3979	2040
3979	3984
5044	7303
3565	10134
593	11121
4086	3966
4086	8217
4086	1756
4086	4080
1150	10475
4891	364
3866	10792
1590	10686
553	8327
553	2220
805	9760
3866	9894
1025	7051
1025	6304
1025	6744
1025	6306
1025	6750
1025	6301
1025	9379
4844	14021
4844	10929
3565	14325
2954	12536
1504	10886
1907	8855
3267	8472
3267	5081
885	10108
3944	9239
1307	7025
1307	8941
1307	6881
1307	5736
1307	6162
1307	8719
1307	1553
1307	5642
1307	8952
1307	3799
1307	2376
1307	2327
1307	10253
1307	9832
1307	9464
1307	6168
1307	5508
1307	5314
1307	8623
1307	8566
1307	4758
1307	3518
1307	6587
1307	2329
1307	3720
1307	1646
1307	8514
1307	992
1307	6270
1307	6690
1307	10356
4695	11042
2493	10342
4420	2400
2456	1535
711	831
711	819
711	1602
4863	9462
4863	9233
3014	9501
832	12536
4504	14564
2099	10974
2099	9672
2099	6714
2790	9662
2790	9252
2099	9855
2883	9742
3014	8771
5383	10986
4220	7708
3866	10344
1936	9742
2695	10946
2695	11212
3717	6439
1613	9742
2099	9593
2099	9335
2099	8281
2099	4560
2099	6286
2099	8672
2099	4549
2099	6961
2099	7732
302	7888
5368	4370
4282	1645
4282	750
4282	1327
4282	1388
4282	749
1574	10549
4527	7761
3931	12536
569	9822
5049	12605
3931	11030
2051	2791
2051	6588
2051	913
2051	7482
1382	7303
4932	13749
2914	10867
3433	4577
4661	8539
4661	12136
2981	7933
3921	13823
3350	13795
3032	14232
3387	14313
3781	11500
2981	9876
1946	4124
4793	11591
4793	4179
5016	10736
3681	11273
4367	12500
4367	4386
4367	8550
2091	13021
3861	2954
2433	7154
2099	10549
2293	9826
3689	1198
3689	6949
3689	13049
3689	560
3689	957
3689	403
3689	4799
3689	12000
370	9121
1545	9807
1545	12136
1545	9143
1112	9740
5129	86
3129	3719
2943	9916
2943	9834
5053	9569
5415	10345
5415	10789
5415	9483
5415	10464
3681	11795
4489	13109
409	11212
409	2728
112	10995
409	4709
409	10456
3697	11590
4383	11281
5079	11042
437	13868
4491	10688
4130	4689
4130	12623
4130	8741
5103	10678
3681	8539
2755	10911
1882	4213
1882	6410
1882	4322
4467	2810
4467	6882
1044	10552
3111	13327
1522	10713
3565	6624
2902	10713
223	3855
4778	9301
4778	3891
4778	9307
4778	14049
4778	6702
4778	7775
4778	14395
4778	4564
31	1627
4960	10538
5011	10595
1697	5886
536	10711
1404	10614
3235	10855
1382	9856
1651	14312
3800	10728
3800	10751
1124	10594
1837	11030
1150	10807
1504	10549
2635	10594
2012	10370
2089	9183
4669	3942
4669	7991
5051	11155
4970	4004
1463	7517
5051	10964
5129	830
5129	141
447	10904
2700	7627
329	10208
329	3608
329	4722
329	13750
329	1605
329	14335
329	2453
3596	11030
3030	6101
3030	7782
3030	10080
3030	7498
3030	3641
751	9462
3278	10962
1914	10706
2096	4141
4252	13868
3600	9742
5151	10343
5051	11107
500	14192
500	11480
5051	14399
5051	10814
2741	7327
174	3924
3161	12800
4570	11395
105	8022
3979	2472
3156	7377
5186	4449
426	3446
3129	7205
5051	14458
2091	2021
5034	14210
658	10661
658	10675
254	14210
2412	10673
2067	10026
2067	7961
2067	2133
2067	4386
4830	5792
4830	9307
4830	8710
4971	7730
2187	10575
1277	7303
3781	12136
3781	11043
5051	12672
3537	7303
3386	8166
3781	11061
2099	9703
3212	14341
3212	9368
3212	10711
3212	11336
3212	9667
3212	14192
5051	10651
3106	5803
5142	14230
5303	10823
5303	8693
3866	6328
3565	7500
2968	11042
2459	10814
2897	3382
2051	9867
3428	1850
454	5681
4787	12172
1716	2178
1689	10556
2096	9297
5486	11030
3540	10577
2284	11529
438	10832
438	10848
3447	6910
3447	9036
174	12187
5051	13749
3572	10991
3996	1762
1125	1377
4220	9553
1109	9126
5018	6400
4600	11080
3681	9742
4888	8010
16	10682
3855	6724
3855	8291
4868	10865
4868	10689
3354	11571
1513	11852
3180	11749
4998	9652
2245	10193
2245	9764
2245	12844
2245	11669
4207	13495
2245	9890
4155	10420
1203	7303
