7772	13691
412	6713
7772	6168
7772	5543
412	5220
412	3410
7517	15527
5438	15518
799	2265
2304	2392
5332	5946
5973	12728
2867	1246
2207	4820
4789	1951
1382	532
1860	12405
7111	15506
2045	11533
1999	15545
4060	7961
7503	7849
7503	1127
7503	15351
7503	15457
1962	7402
8395	7910
5185	389
4715	3568
8206	15560
4079	15713
2870	11608
2870	15375
3045	69
3045	1254
3045	7621
8579	14905
799	5524
4838	1589
8671	3385
8671	2578
8671	2553
7797	3812
4769	2836
2664	10091
3603	15520
3615	1200
2503	15070
3603	15548
337	15498
2008	4316
2008	6873
4529	2987
4010	15044
4739	15530
4739	11927
4903	15620
7421	15397
3212	3157
1413	2268
7827	262
9696	15511
705	15164
7397	15706
7397	11270
8002	8407
3984	10045
3105	15602
3105	14504
17	13759
1689	14930
1689	12237
5274	15679
5155	11610
5155	2844
7027	3574
3776	772
7769	15546
5359	14577
7769	9761
7769	11050
8345	8099
7769	4919
8345	9720
7769	3999
7769	15525
7769	7857
9348	4645
1484	2756
2339	3662
5138	3447
5399	7374
5399	7055
5399	4271
1034	15406
234	701
2385	4179
8084	15697
2076	13826
2076	11007
1962	1830
8428	14026
1315	15405
8303	15624
4825	10873
8530	15649
4451	15540
4451	10244
4451	10811
7797	2634
7797	11949
4770	4109
9728	15611
7915	5837
1873	12083
1873	13784
1873	15697
2467	14089
5773	15370
7460	3511
2867	14466
8267	15549
2759	15559
5072	15670
2051	2068
2051	13568
2051	3025
2051	921
4263	4117
5280	9341
8960	14923
904	2463
5669	3644
9352	15670
2436	8823
2436	14111
2436	15540
6473	2346
3060	3120
9194	15009
8124	10343
8124	14946
7274	15683
7274	12562
6589	892
7330	15624
7769	1070
6257	15506
6987	1851
7022	7794
6987	6438
6754	15237
259	10851
8225	1093
3310	1747
9154	14912
6530	3303
6178	3348
6178	1072
7708	771
6786	6528
6219	4237
2227	8710
1180	3931
1180	14245
5830	8839
8248	7379
5052	9152
162	1729
162	15548
2105	15545
9407	11119
2105	15106
5293	15610
1831	5063
2531	9602
7274	14816
6565	15599
9374	14685
3875	2648
4061	9625
4061	15311
4061	12103
4061	15551
5987	1701
9167	15420
3855	12233
3415	3951
2867	4834
1649	10683
2525	11462
4317	7901
4753	3239
2525	13802
4753	532
3855	7273
3614	5859
7494	15253
7494	10658
2228	9004
4317	13636
768	1672
2228	5222
2228	5260
2228	1152
2228	1768
2228	2791
2228	2744
2228	544
2228	5196
2228	9001
8477	1945
8477	3390
553	2071
553	15622
3073	7762
8124	2831
8124	3640
2058	15706
3442	15699
7274	4036
3860	10143
807	9365
4900	15678
4900	7536
4192	12536
6043	12822
6043	3860
6043	3861
6043	8551
2373	13215
320	13771
2847	15720
8899	3896
5744	11910
9082	13689
3208	15513
3208	15610
9156	716
7174	15706
3153	15697
8363	6451
8676	5790
4153	14620
9534	15622
5906	3862
1667	3277
1667	9725
1667	5175
1667	6924
1667	12205
1667	9586
3598	10425
1265	15598
2404	15358
2980	15086
2404	779
799	1597
4475	10863
4475	13371
4475	6902
4475	319
4475	15155
2778	3052
4475	14859
4475	5748
4475	13670
4475	8765
4475	209
9644	15443
9644	4471
9644	7537
4475	6511
4475	7638
6289	3763
1401	12923
1401	13867
1401	15011
5798	15462
1969	2491
6366	15754
3027	15592
3027	15559
3027	13348
2653	14598
2653	15559
6412	2923
3027	15139
3027	15296
3027	4279
3027	15620
7885	14362
8285	4103
706	2474
791	5135
5455	5396
6773	3739
1419	14495
1419	15625
1419	15275
1419	15516
1159	6025
3782	11610
2241	5310
2241	14535
2241	9908
2241	6626
2241	8209
2241	14068
2241	10927
2241	11978
2241	11346
615	15652
7809	13682
4166	15725
4166	15539
4166	15309
7809	2050
6967	15611
6967	12597
6967	4769
6967	6713
6967	6155
6967	5191
180	3036
8652	15680
1805	7463
6911	4529
4226	11635
2156	15382
6507	11140
2793	13903
1057	1765
582	15649
7478	8823
7478	5027
7478	5509
7478	4118
7712	5912
8124	7947
7751	5137
5617	10544
7488	1151
19	15288
4620	15533
4620	15589
3634	5909
7490	13826
3634	7108
9381	5806
1493	14497
4736	3463
7684	15624
6129	180
4464	15706
6765	15630
8579	15083
3998	15713
3088	15491
8343	8703
8343	9380
1541	3903
6152	466
1057	14066
8124	6382
4169	15691
6629	15395
6629	14171
5315	5973
5752	5781
5315	2658
2797	1699
6811	3321
4789	2326
472	14873
3775	5563
873	6468
873	6887
2609	3310
3381	15152
1042	15428
3261	2128
5369	163
1007	15561
3713	7621
2586	15641
3713	2207
3713	2186
3713	4191
3487	5507
2295	15593
9082	15697
9082	15645
2347	15592
5156	14794
3141	225
5703	15431
7274	13999
9479	15585
7756	15768
1786	5041
8665	15713
225	6351
3279	5732
3279	7319
3279	4383
3757	15136
1672	14066
8124	3613
2043	9184
908	7486
5224	5643
1624	14454
3405	6656
7274	14875
9474	15595
9474	3650
9474	11649
9474	6863
4488	15371
9474	15697
9474	4143
2189	13875
3004	4602
5927	4500
4788	3358
2177	6207
2177	7751
2177	554
6715	1742
2177	9090
2064	15439
475	14723
6648	1353
1810	11300
5015	2151
5015	2174
9181	14536
1400	15699
1093	13359
8124	5980
7838	15562
8124	3905
8124	13884
4811	12900
4811	14849
9308	10094
2506	15679
1190	2420
5369	3926
6730	1585
3872	3130
1220	1072
8514	3905
7182	15609
7182	1538
7182	3099
7182	1683
7182	15706
1991	15680
9348	1234
4462	15597
4462	15497
966	6771
4462	11312
966	13909
7291	5250
7291	6461
4888	5858
3119	1116
7494	6809
7664	4485
7664	1747
7664	5306
7664	3633
7664	9288
7664	3183
7664	6231
7664	7753
7664	183
7664	6006
7664	8323
2015	8390
3673	7470
3673	9684
5024	3103
8124	8104
8014	4340
2537	949
5435	7496
9620	9489
9620	13442
1786	11065
8201	14055
573	13683
2632	550
221	15697
221	13798
221	12371
221	13318
221	12631
221	9737
221	12198
7692	9559
799	3326
4368	15776
7680	3180
7680	15624
7680	7762
7680	13434
2033	1979
7766	15711
7750	9064
571	15641
6395	8202
8842	13303
8842	15571
3234	3383
223	6783
1286	6314
796	2091
9778	15737
8376	15776
8496	15526
8428	8816
2606	15615
3092	2957
6661	15639
9339	3971
7291	7398
6852	7103
6852	15754
6852	6010
3823	12373
3415	1892
2631	2925
4608	15473
2868	15198
2868	12826
2868	15410
8579	15416
7804	6014
7804	6069
3415	3588
1305	648
9082	15637
9082	14316
9531	15392
9082	14875
9082	7013
5435	14859
275	6604
275	5486
6032	15580
6032	6006
8579	15417
8124	4180
3899	3487
4342	5174
7245	5925
7245	4724
7245	5316
7245	4533
71	4997
4769	6438
2793	4659
6405	2593
6405	2399
5389	1505
4854	3604
4842	15614
4842	2646
8148	13958
4726	1376
4726	15664
7404	15662
4726	12610
7374	322
6247	2794
553	15598
7692	15588
7692	9488
7991	8221
8889	14413
7991	4433
5763	15710
480	15657
7991	15194
7991	982
7991	5805
6007	7545
6007	13890
553	4651
553	15383
5640	15679
6553	15649
354	12745
9609	15692
1334	8926
1334	5305
1334	4730
412	5292
2725	12449
3964	263
9644	13347
1522	15678
4198	6676
3069	7500
7511	3419
3940	14746
272	7129
4959	6922
4959	7730
5513	15517
5513	15696
5513	15586
5397	15725
3345	15387
7911	904
4736	551
5465	408
5465	633
3994	262
5937	1924
1095	15301
2035	15495
3975	8847
2035	15456
3975	8414
6412	1621
6412	628
6412	2603
6412	3375
6412	6731
6412	22
8124	6226
5438	5439
2602	8471
6139	4502
4736	8692
5927	2225
7885	15544
2940	15586
4740	10944
7589	13928
6219	3437
9561	15647
693	7506
3372	9125
3372	13681
8737	6316
4796	15563
2871	15768
3263	5727
9696	15753
3227	5068
466	336
8357	15287
4260	1059
4260	1092
4260	1051
4260	1489
4260	56
4260	3590
4962	2649
4260	14152
4260	2406
1810	5332
650	15711
8341	4818
8341	1386
8341	9952
7660	15670
1951	4505
1951	1110
1951	2968
2282	4214
5823	1166
8890	8413
8890	4120
8890	15676
6141	15722
1698	4904
1698	15526
1527	6384
1527	6024
1527	10345
1919	906
5607	2100
4597	7965
8010	15275
7576	4803
4959	8830
8285	3971
326	11103
9723	4847
282	9978
6152	9673
2998	11847
4682	6676
4682	11610
4682	15187
1383	15706
2400	3970
8758	15706
771	10052
771	3483
771	12702
771	14624
771	12562
771	2560
771	10730
771	6890
771	8697
771	5036
771	13992
771	13611
771	9195
7588	3095
7588	12237
7588	15496
7588	15548
5328	6075
5328	12495
7588	484
7424	7420
7588	2923
7588	6309
7588	4053
7588	4077
7588	6325
7588	9243
6354	3053
7588	13638
7588	9860
7588	14535
6354	14840
7588	1747
7588	1962
7621	13186
5945	15724
379	1897
4404	7658
475	8827
4641	15425
4641	9248
4641	8849
5369	6624
1998	1288
1998	15578
1998	2460
8526	731
908	3718
3129	3030
6354	15575
5021	13357
5021	2544
8628	1450
8628	3521
8628	9544
8316	15597
8675	15776
8960	15608
7140	2140
7477	8712
3447	4882
3447	15071
3003	15679
4385	15435
4385	13415
7964	3379
4690	7713
4690	1737
4690	8413
9727	2415
1741	4224
6016	9176
6016	4109
6016	4053
6016	7747
6016	14694
6016	1514
6016	15559
6016	5912
6016	2091
6016	6386
6016	2540
6016	10230
6016	8830
6016	14792
6016	5672
6016	1093
6016	10271
6016	2739
6016	4215
6016	13203
6016	9404
6016	15017
6016	9808
6016	2501
7797	2314
5634	15164
8087	14707
5634	6237
9542	15577
5634	15354
3698	11409
716	5049
2127	15523
4251	3075
1915	8356
1915	1323
4774	4259
2085	15652
5340	15656
5340	4591
7745	7658
7745	3632
388	15744
1147	6405
1147	9057
648	15500
3673	10334
648	1742
648	1695
648	4606
648	14135
648	3834
8933	758
8933	2048
7808	2154
6926	15684
7808	1896
2376	15697
2376	15548
5156	1429
2376	4311
2376	15594
2376	15549
2960	45
2960	1347
6617	15673
9331	8185
8813	9388
3466	715
8124	4103
363	5949
6767	576
8547	8014
5910	15744
2423	13357
2423	4236
2423	4830
8840	15744
377	6188
4084	1350
4084	9808
4226	15296
5634	2888
6540	15744
8124	5673
388	15776
6083	5358
7708	15624
6016	2635
6968	10334
6016	14652
6016	6753
6016	9396
6016	15097
6968	9365
6016	1716
6016	9405
6016	9408
6016	9403
6016	9005
6016	8999
6016	13980
1680	4804
2809	5452
1159	8611
4241	8412
4155	15754
3477	6396
8563	4469
8563	1324
8563	1868
8563	1580
931	3870
931	256
3129	2399
3129	3524
3119	9701
9334	15451
1042	15713
4251	4289
8464	3920
4952	3255
4952	2201
4952	3990
918	5230
5567	7352
6915	15548
1917	14560
246	1970
3360	13279
1937	10575
1937	10872
1937	13554
1937	11507
1937	13146
1937	14375
2758	15598
6247	2942
3673	10856
9012	15753
9220	1783
5426	15357
2115	10520
8171	5089
8171	4645
8171	4830
4258	2858
4258	15624
4258	10738
1172	15158
4258	5780
6229	2665
9082	15542
4734	15744
5083	5024
2105	15677
1973	1771
8738	15597
2957	3033
1630	13951
2759	1016
4578	8386
4578	5874
4578	3029
4578	5873
4578	5001
4578	14157
4578	9630
4578	180
3601	15605
4407	15719
1649	15620
6904	9788
6022	6493
9779	8008
8713	13149
8713	9266
2456	7486
4018	15135
7177	14968
3415	3812
9565	5051
771	6520
771	14232
4192	1809
4484	15776
1865	4331
6330	15753
6247	4271
6247	5503
6247	13485
8735	15472
8612	15697
9330	15756
916	3379
7288	5780
7288	7218
7274	15639
8935	15791
1159	5718
1159	5981
5838	10232
553	4171
553	15462
553	6008
1689	8206
7831	15791
7830	15791
1220	7773
3237	14664
3237	7537
3237	11143
3237	12621
1300	15697
1300	15156
4715	370
4903	12789
4291	9004
215	5875
326	14179
3952	1295
1392	2940
1392	15040
4982	6604
4982	867
2692	13093
4982	13970
2692	15114
4982	11692
4982	4798
4615	9489
8195	2242
6923	326
2686	15771
7274	3712
9794	15712
697	5840
6560	14712
9779	4291
3345	14592
3345	14209
3345	4336
3345	5716
3345	89
2828	15719
1892	3805
3237	11140
3237	13001
7260	7007
7260	8849
7260	6010
234	2519
234	4678
234	10542
7260	10846
7260	9112
2988	9307
9049	9745
9534	1365
9727	3470
2782	15670
2782	15725
4415	5287
5896	2849
5896	4976
5896	14265
5896	3379
5896	7449
4888	9259
4888	6758
4192	8025
7139	15083
2313	15723
7139	15416
8114	15758
5154	15605
5154	15356
1225	15728
3438	1585
5587	10252
1741	3948
8334	4091
8334	3571
8334	15201
8334	2908
8334	2917
8334	2907
5798	15728
1398	15155
6821	4837
6821	14878
6821	14072
4798	3532
7807	15744
6022	3395
7991	280
372	10036
8396	2181
4317	15791
8040	15547
4317	13784
5906	546
7702	15397
9385	3236
4565	3686
7286	6717
7425	15723
6240	13925
4754	15052
8673	13182
7075	14573
2935	10516
7075	14822
1960	7496
7167	5781
8936	15415
8395	9173
1159	9161
8844	6317
698	15744
4854	3722
8635	87
4522	15776
7576	15285
8635	14516
8635	2169
6182	15188
6182	2911
6128	15625
5886	14840
5886	15550
5886	15491
5886	13994
5886	15553
5886	15338
5886	15516
5886	8755
580	3037
2904	15744
8933	2119
3849	1774
3849	15394
3849	15516
3849	15620
3849	15710
7808	1513
3917	3565
4093	5062
5530	15396
4736	6200
6617	269
6683	15319
6676	9365
4415	15680
9747	180
3875	6871
3839	15388
9747	14986
9747	13577
9747	10687
9747	2224
7116	2424
6343	912
5241	5680
2284	5196
8129	6914
7043	15491
6442	3890
4990	8493
6427	15389
3227	2489
2531	9682
5530	14591
7585	1510
7585	1841
5530	11585
5530	14235
9191	11693
8652	15559
8652	12545
8652	6023
8652	8945
8652	6127
8652	5890
930	14121
8652	6838
1159	3486
7449	8206
1493	12555
4592	3939
4592	1052
5956	4191
4788	3913
6683	6192
1515	14271
1515	3842
1515	1797
1515	2453
8963	3228
6417	2229
8468	629
9749	3235
9749	5061
997	6384
9749	3236
9749	2859
3227	4145
7578	12791
3940	11047
8941	13183
8941	2810
8941	1081
8941	11649
8941	13109
6143	15546
3603	2634
8079	10390
651	15706
651	586
651	15254
3236	5124
1579	3352
5426	15254
114	15668
681	12961
3150	15627
9552	12243
6923	327
6836	15744
1860	15447
8931	2888
3790	15662
1675	3414
42	15710
42	6578
664	13385
9298	1012
9298	3264
2525	7146
2525	10255
9506	15679
9690	13653
8713	5003
8713	2937
7772	2722
6748	463
6903	8983
9571	5307
4192	14063
2	614
4166	11210
7291	2687
1352	15771
1305	2080
1305	1840
553	2163
553	15613
7531	2939
9174	13898
9174	15440
553	4806
1557	3049
2076	6296
5203	13846
5669	306
2811	295
1447	2145
1447	4794
9654	6306
5372	7397
4022	15744
4022	5000
4022	3031
4022	4504
4022	4557
4022	15516
4022	9609
4022	15620
4022	11266
4022	5486
4022	5908
4022	4548
4022	4481
4022	1263
4022	5699
4022	710
4022	2539
4022	5488
4022	15509
4022	4511
4022	2383
4022	5487
4022	15710
4022	6561
1057	9565
4022	2918
4022	13531
4022	770
4022	15326
4022	1220
4022	8163
4022	5947
4022	1096
4022	8993
4022	5946
4022	7294
4022	6630
4022	8996
4022	2602
4022	14495
4022	8846
4022	6288
4022	2174
4022	3493
5537	14912
4022	5222
4317	14425
4317	4737
4383	14483
573	11515
5229	14683
9236	4136
9236	2068
7982	3328
7982	2431
5669	3668
466	2788
1392	13525
9637	5838
9637	4527
9360	4565
5022	15717
7212	6446
8499	13504
8499	15570
5811	3515
8015	15684
7422	1713
2109	9054
2109	11878
8592	15641
4855	15540
8087	6803
8087	9453
5359	15757
5435	15569
7175	15124
2998	551
8530	11278
6446	15300
8124	2261
162	1167
9602	15776
1921	12384
999	13971
5369	6099
1253	2011
6767	262
487	4069
4106	8367
4106	5212
4106	8368
4106	1518
4106	5482
4106	3289
4106	9753
4106	11421
4106	4518
4106	8872
4106	5749
4106	8965
613	15748
615	15714
5037	3226
4875	1028
4875	15495
509	15713
6923	9396
6923	5579
6923	319
5669	7537
226	1129
6948	2107
6948	573
8652	7978
87	15625
6898	2055
6923	4594
2809	14330
7991	15467
3594	868
3594	5732
6054	821
6123	12183
399	15204
3277	7744
3277	6701
9215	3328
2277	1081
2277	14399
3490	5073
2277	4358
2277	8559
6527	800
3950	15721
2021	3230
2021	3876
2021	2064
2021	1799
2021	2419
2021	5066
759	1346
7022	250
7022	3560
797	15558
1583	15391
1583	13606
7449	15439
2044	14220
4162	15728
5326	15757
6931	2419
1334	15744
1654	6360
4409	4012
1905	2906
5159	15133
3128	15744
5830	1336
8919	11792
8124	1063
8341	1706
8341	4228
7720	15563
9636	15805
8844	821
5441	14650
8351	363
9062	11574
6371	1034
6371	3180
379	1566
7135	639
7135	2831
3697	593
3768	15330
5189	12610
5189	14702
2988	8260
2988	9028
5896	7591
5896	2518
5896	2969
5896	14772
477	10356
477	12221
4382	13087
158	3338
158	2118
158	13859
158	4908
9760	15605
2530	4464
8672	15713
2870	13826
2870	4838
4812	15718
2361	15702
4807	15793
9047	9915
9047	5081
8010	15771
8010	15605
8010	15702
8010	13863
996	701
5744	15756
1382	15779
4067	15718
7851	6007
6203	8859
6203	1261
6203	1397
6203	478
6203	8857
6203	3640
6203	2350
6203	1735
6203	11832
6203	4809
6203	14625
6203	9193
806	10963
6905	13005
3355	14748
6859	4871
6859	6585
305	6523
2601	14204
2601	15711
5808	7976
5366	3505
6182	9676
3875	5372
1235	413
330	15611
5381	1365
7274	13863
3282	8663
9356	10877
9356	1258
9356	5541
9356	8608
9356	10731
9356	9701
8786	6409
6221	14315
5896	3588
5896	9639
6931	13919
7104	15097
7982	362
7104	2120
9482	350
5610	10184
7662	7919
3355	3382
4784	1809
4784	4119
4784	1076
6404	15656
6835	15723
943	14807
4877	15728
2967	10562
7831	15605
7830	15605
7560	15721
6568	9005
8651	7858
7772	3062
7772	4219
4641	15641
4641	6079
2351	13490
7274	12590
8084	8069
1303	4764
1124	3762
1810	5334
2960	15667
794	6567
7560	9295
1309	6432
2222	3052
4263	8852
4409	14531
8451	15776
8451	15481
3728	2942
3200	11084
7477	9501
7756	15779
7756	9072
9082	14425
1166	6442
8672	15575
8672	15070
6610	2831
3950	14697
8180	15499
6371	615
6371	13472
8428	5674
9556	7058
5807	4455
5807	371
5807	9773
5807	7420
4385	7640
5807	4858
3870	15778
4385	2931
4385	5905
4385	5323
4385	10427
4311	10559
7167	5780
4123	8694
7424	734
2076	15724
3043	15728
9174	15598
3119	6464
3119	9287
3119	1277
6189	3302
1447	5008
3082	15544
3157	15401
3157	15700
1184	15599
8124	4997
3977	15592
3977	2603
6371	1048
1184	15624
1184	15595
8429	6392
6417	6750
2076	15525
4133	15770
7758	6553
7758	4821
7758	11300
4535	7824
7758	9572
7758	15432
7758	13619
9085	4927
1905	4186
1905	6866
9639	2453
9639	6420
9639	5084
9639	2188
2692	15361
2692	11418
2692	8531
3437	9633
2692	15056
2356	14573
400	12982
5937	501
7081	15293
6386	15562
6488	5006
6488	4871
6488	9684
5465	1526
3896	4340
9717	5839
9717	1175
9717	559
9717	3347
9717	990
3975	15686
2351	6716
8948	14815
9154	7019
337	10722
842	15725
6898	1897
3936	15526
6018	14267
1083	13642
5212	14790
7978	15236
3835	14179
5168	15685
6704	4283
5379	15613
4335	529
6751	8687
3834	14882
8559	15435
7100	10328
6152	10907
9034	15750
573	12232
6152	2150
6673	952
9064	7294
5662	15401
4789	1575
5178	13494
9255	10650
5178	3032
5178	3928
9396	7281
9396	10400
7346	9380
7346	6759
7346	14772
7346	7498
7346	8873
1184	14413
3387	14683
7997	8185
582	15578
8279	2420
560	2299
8368	7108
9772	14966
4996	15719
4996	15723
1356	15389
5330	1613
1200	15770
2308	7843
1527	10215
1527	8239
1527	1512
5347	15634
71	2402
9815	7006
9815	2355
1960	15569
8432	1484
8432	1486
8432	1483
8432	1485
4404	209
4404	1284
3775	3359
3863	5696
5015	49
806	15387
1484	2817
806	3662
6321	15719
2837	7066
6933	13727
8712	8276
2725	14544
6466	10827
6466	14957
6466	13017
6466	14079
8584	4950
8584	15604
8584	12357
8584	11547
6538	15481
4565	15719
9403	9487
1644	13313
1644	294
7327	15776
9642	4612
9642	6082
9642	4685
8363	1601
8363	4844
8363	3606
8363	4044
8363	5249
8363	3984
8363	2389
8363	7302
7336	11772
7685	15389
2476	14978
3868	10820
2377	6516
9298	2078
1159	2844
5332	1094
9547	15680
2347	5991
2347	3022
6814	4460
1011	15758
5952	11189
9443	15507
9637	2669
9637	3060
9637	183
9637	15124
7982	8898
3997	13400
3997	13498
3997	13142
1337	15711
9591	13102
9591	10388
9591	8388
9591	3878
9591	9330
2928	15776
2928	15721
7680	1567
7071	1670
3153	10892
5313	2455
5313	6382
5313	2185
5313	5184
5313	8309
6300	12179
966	15744
284	14072
8606	3352
6318	1055
6318	5088
6318	2572
5964	15598
2658	4693
2658	1831
9789	1248
9789	15786
9789	7022
9789	11877
9789	15225
9789	10811
9789	10292
945	6370
945	14019
1470	6204
7285	11898
1470	204
1470	7848
5665	10149
2235	2161
553	15641
553	15754
4204	6252
5478	12863
4663	6386
4663	15526
8648	14375
4663	6324
4663	3389
7274	15721
966	15124
966	15679
8268	15655
4888	15688
229	1191
229	2640
229	7151
229	6166
5372	7777
5018	15273
7552	2069
7268	15733
7268	15663
7552	15259
2285	8063
6445	15689
2285	4988
2285	3811
8562	2803
9180	9754
8087	9061
3004	15538
3004	879
3975	15805
1463	15107
7424	5349
8276	2080
7425	15733
2105	15776
1947	1679
3028	15711
3028	15754
3028	15539
3028	12799
3028	12826
3028	15613
3028	11057
8493	3000
8493	210
8493	15638
8493	15594
8493	10547
8493	11538
8493	13901
8493	15123
8493	11090
8493	13890
8493	15148
5293	15689
7077	15711
5937	8094
3978	15516
4326	14072
4326	14685
8530	15689
5392	6960
7086	8816
5571	10503
4602	15734
8726	5472
7786	15548
4465	14346
9020	14316
9364	15689
4022	9099
4022	13435
4022	761
4022	717
4022	6382
4022	15293
4022	1471
4022	2891
4022	8027
3975	15787
7502	14917
2817	5673
5372	1122
9064	5345
5372	1858
5372	6867
3113	15524
307	15233
9394	15733
9201	3302
2127	15689
7647	11022
6225	9519
5952	8145
8606	4532
7285	14370
1253	5258
8407	15693
466	10397
8851	5921
4720	7236
4720	167
1756	5258
8159	3618
6369	2695
6369	1793
6369	2725
6369	2599
6369	3106
6369	1312
6369	836
6369	2107
6369	2414
6369	2188
6369	757
6369	3185
6369	2714
6369	632
6369	1995
6369	763
6369	3485
6369	1702
8832	3971
7043	7472
553	1884
4601	15692
553	15723
553	3101
6620	4043
8628	3523
8628	10108
8628	5320
7991	1977
582	12146
8968	15689
1718	3891
412	1519
8545	4298
8261	13406
4273	3884
4273	1608
8261	15624
8261	7871
4191	15332
8637	15371
2586	14281
2586	15264
4658	15697
4658	13889
2206	15654
1298	1217
1118	2332
1118	1002
1118	942
599	5202
2770	15709
2770	15770
17	6684
2168	9153
9360	15733
3580	15733
3580	15754
3580	560
81	15752
81	11234
9797	7016
9797	6445
9797	526
9797	14795
9797	8844
3405	10564
3405	15638
9506	14474
8637	2154
8637	3865
8637	1896
8637	2350
8637	2381
6947	10238
6947	9242
6037	888
8637	1526
6037	5457
8637	4794
5999	7574
2590	815
2590	2796
2590	610
6729	10321
6729	7704
8637	613
2139	10916
1867	3413
7626	3604
7626	15320
889	8898
889	8509
9812	11761
6263	14755
7665	15592
7488	4221
1003	15488
1003	12207
9579	15740
1385	15786
6142	15584
466	10846
6945	7849
4962	14317
7034	7967
1672	1653
2652	15131
1672	1251
1672	1929
1672	8284
6582	5459
412	9209
2837	3928
412	4283
412	5061
4962	14881
354	13451
3453	15229
7281	2402
1128	14861
1128	15689
1128	15577
3555	6397
2237	15668
7279	14560
4990	3112
5952	2080
6246	7006
751	11618
6348	783
6348	1093
6348	3071
4875	15422
4875	15559
7274	410
6369	3434
6369	579
6369	2080
6369	2415
2758	7653
2564	9757
2564	15779
2564	15662
3283	15610
3283	4370
8430	12118
1843	12562
1843	11139
1843	7218
1843	15697
28	15736
8844	12367
6729	9899
6729	9201
6729	4042
6729	8815
6729	6340
6729	5776
9298	1822
9517	12094
9643	8665
9643	6554
9643	15425
9779	12002
9779	15512
8637	12026
2718	2857
4084	2248
4084	15728
4084	3576
5932	7383
5932	7445
5932	6445
6197	14865
2900	2350
980	15795
7274	15526
6037	15151
6037	15507
6037	15375
6471	13883
2809	2930
5128	5897
9559	15695
6348	4730
6348	9511
6348	13449
6427	12681
145	15214
9637	6445
9637	10397
9637	2941
1743	15397
1982	14760
4875	10188
5665	13474
4595	9387
4641	1360
4192	4193
6354	6699
4068	13848
4068	14163
7626	10281
9621	15382
1797	4320
2934	2079
2471	13833
3056	6438
5315	5971
2934	3349
7589	15709
2934	5489
9679	15553
8675	15689
9563	7803
8468	15674
9667	4880
6247	12510
8430	3383
5019	15401
6835	15500
6835	15734
1639	3172
4281	6675
2934	9403
2934	363
2934	4067
2934	8457
1668	15725
7877	15723
2025	12347
5479	15706
2423	1910
1434	8134
1461	12270
1207	4298
3064	13833
3979	5278
3064	15770
3064	14835
6243	3592
6243	3905
6243	1284
8911	4997
8911	1307
1991	9782
2903	14184
5718	10648
5669	5459
4572	15760
5438	4311
9608	15749
7582	5207
5133	15233
692	803
3992	6337
9563	9697
7172	4690
5379	2740
8263	5018
3545	15695
553	15711
553	3406
553	15758
228	11120
6371	4136
6789	12250
7363	15679
309	15441
7147	15798
7278	2590
7278	5861
9642	7007
9642	5564
9642	4624
6204	5780
8084	11913
8084	10411
589	15357
589	8765
7424	8617
3578	6866
3198	12022
4811	9362
1653	321
373	1063
4337	14800
3768	15164
7193	1472
7193	6172
3236	15611
3236	12558
3468	113
3240	1694
377	5756
3415	9783
5904	1970
3997	6351
9157	15337
1576	13083
5763	4481
8124	349
7011	652
179	10934
2512	5717
2512	9341
3424	15663
1130	6317
5656	758
2935	9097
8847	3450
8847	9772
7293	8492
6630	15627
1703	15736
1461	6529
6987	1521
2793	15593
2349	15094
9160	15672
6555	8363
3236	14459
7394	9963
158	1005
4855	2162
8130	1106
8130	7729
9360	8712
9360	14702
2512	2403
4595	10539
3476	4328
6692	12813
8192	6712
4061	3398
8671	1572
8671	2957
1154	11545
1425	15728
9374	12243
7863	14665
5540	15734
9508	1052
9508	3186
9508	608
9508	3939
9508	15520
9508	609
9508	14373
6417	1201
9508	307
6417	6204
2755	13357
8700	15736
3965	12260
3965	1397
2793	15692
3965	4060
3200	371
9765	4114
7043	8745
7043	14962
3213	4678
3213	8516
3213	10343
3213	6155
3213	3502
2085	9971
4830	11281
4830	3290
1337	15733
1756	6712
8931	15689
5830	15802
4811	10695
4811	13657
4811	10467
4811	10427
100	15673
5530	15689
6341	13980
6898	11687
6898	8339
3711	14262
4068	14065
4068	14257
4068	13705
9030	15214
4068	13453
4013	13528
5875	15697
5875	903
3081	8384
6766	8554
6208	15754
6995	7362
6995	7365
8726	13495
6631	15805
5787	15803
4282	15553
2512	15127
2650	15688
7982	459
7982	3735
1423	3604
428	1081
428	1647
428	3183
428	3448
1904	15180
311	207
5325	15670
437	15734
9552	15779
8464	10396
997	6195
8548	13143
6076	13081
8148	564
814	14864
814	11687
814	10176
814	15205
814	4892
814	7206
814	13275
814	11781
814	8722
814	8179
814	9131
814	8658
814	14000
814	13890
8936	14429
814	15582
814	1870
7651	3551
3986	15635
3986	4767
7651	597
7651	1667
6995	15576
9441	7006
9739	747
9739	741
9739	1737
9739	4703
9739	4110
9739	3683
9739	3093
5014	14906
892	15733
2502	6934
9578	10372
8107	2861
8352	13438
4455	250
9719	3868
5641	15788
7083	8317
9201	6310
4400	9323
9348	5626
4400	5629
4400	5084
4400	3115
4400	15232
4400	15756
4400	15403
4400	15647
4400	10255
4400	1879
4400	1271
4400	959
4400	938
4400	5298
7367	3522
6931	3006
4226	6440
8214	15788
563	15729
2860	15180
58	15589
58	5757
6737	4104
9690	15760
8738	15613
814	12583
488	15734
4282	15254
4282	1782
9563	9365
3877	15688
5080	4346
2456	5295
4166	15695
5425	15748
5425	9265
1824	5947
1824	8998
4789	14062
4789	2397
4789	7235
4789	9111
5465	5700
3387	15723
1950	1653
3775	11748
3997	459
5241	1256
939	5132
7310	14895
5159	15503
613	11781
613	13890
5585	14280
5585	2271
5869	7133
8429	3854
5869	8901
6247	688
6247	1357
6247	5163
6247	2955
6247	10427
7274	11143
3437	15041
1718	3522
1718	4559
8430	5204
3925	3772
3925	7
2960	15359
2960	15688
5407	7274
5407	12875
8591	2769
3866	14236
3337	5746
7504	1745
4635	5295
6214	15592
1047	15803
3822	6990
553	15721
553	4580
8963	565
7494	8107
814	15784
5438	4703
4131	15580
868	9269
412	15750
141	371
7094	4656
599	2664
990	15452
3707	6796
412	8558
3707	2386
9752	9350
9752	2443
9752	4282
5087	15803
3227	4226
3227	8745
3227	913
3227	831
3227	1899
1337	15740
8300	7440
2425	15524
71	2239
6706	10308
6037	15770
518	1684
518	2537
518	3205
7710	15803
7885	15586
3378	7011
2112	590
1791	15788
8276	5824
2778	15591
3459	15548
412	15625
412	15422
4319	15055
4319	7570
4319	14948
5015	1648
4996	15733
6879	345
6879	5169
6879	2891
6879	3663
6879	3870
3372	584
961	15803
7941	7067
7941	10848
7941	14218
7941	11456
7941	14300
7560	11594
6193	15771
6193	15805
1300	15692
5033	3403
5483	11807
140	15195
4192	15682
364	15127
364	14981
5846	5393
364	15706
7426	8411
510	2665
510	15758
4317	4312
2412	12610
7560	9127
3520	10085
5958	15057
5958	15328
5958	6174
5958	14504
814	14624
814	15696
1810	3355
3415	3216
8684	10451
8935	15689
4258	15548
5520	15514
797	15751
2994	15808
2994	4047
7903	14343
7043	13860
7903	15330
5467	15734
5467	15736
1868	15706
1868	15697
4650	14397
1336	15371
6256	8008
3875	3516
78	13714
78	4994
1617	10555
5443	15799
8323	2562
8323	10957
8323	5314
5822	8339
7515	15738
7535	13889
3092	15736
3092	2994
305	4463
1022	5073
5983	15689
1721	10837
2913	15615
873	5426
8382	6338
4061	15728
5617	2740
9028	15827
9615	15708
9615	15706
5870	1945
9615	217
7100	10884
3466	6541
4022	370
4022	322
4022	5727
4022	15244
4022	7361
4022	7370
4022	7365
4022	381
4022	861
4022	456
4022	1251
4022	1404
4022	1277
4022	11569
4022	5045
4022	5044
3834	15776
166	15721
166	3491
5373	15548
5203	15760
705	5907
705	9014
2692	13613
2692	14615
7934	15719
4674	11305
9310	15749
4674	12778
7772	5179
2692	15645
2692	15676
4838	1730
3479	15806
7452	2374
7321	15771
3668	15803
4534	14290
3316	8866
6305	3493
2447	12338
6759	3779
6759	12464
6759	4585
2447	2068
2447	2707
2447	15697
4661	6887
595	15597
9430	15239
5552	1170
5837	8448
1337	7168
1337	15412
1337	15814
1337	15614
617	15734
1337	15422
4133	15208
9318	15331
9318	13134
923	15624
923	2573
829	8926
2837	6432
3634	4195
3634	15720
3634	1460
3634	15609
8108	15597
6426	15801
8396	9240
4022	3975
4022	405
4022	6422
4022	1158
4022	4529
4022	4446
4022	5596
4022	2412
4022	5914
4022	10314
8396	15792
8396	4143
8396	3717
4115	614
1960	15797
8396	4767
666	15801
9776	2844
8396	3264
2530	5060
4788	3917
6099	15722
243	2290
243	2145
5908	14554
575	5426
575	721
575	218
4022	6811
6426	376
5438	4165
2487	5960
2487	14657
176	4258
176	7010
176	15244
176	15296
4661	13586
6379	9737
6379	8050
6379	199
9317	5834
6338	15689
6356	5304
829	67
9675	14055
714	1681
714	4449
714	3991
2976	15680
714	6932
2976	12039
714	6506
714	6228
714	7349
714	4116
714	9274
714	10545
714	3030
714	4854
714	1758
714	3665
714	1339
714	932
714	2302
714	6602
714	7603
714	4368
714	2113
714	2420
714	3392
714	1315
5438	15548
4595	7256
4022	2387
4595	10962
1386	15478
1386	15091
7881	8518
5830	2116
3952	15589
7733	1817
8690	11907
5149	3874
5149	8246
5149	1899
5149	4631
5149	5780
5149	4125
6099	15736
5149	1280
5149	15697
9360	12670
7945	15706
2321	14048
5522	15605
4257	11904
7296	557
7296	7371
4192	7059
5669	1174
1440	12558
1484	5672
2853	8509
4641	8985
7077	947
4641	7075
4641	8452
3668	7859
7050	15510
7783	15649
4257	15695
4257	2624
6018	1428
6623	8167
6623	10481
6018	15802
4257	2163
9443	15192
9443	14725
9443	15270
8911	2623
5293	14917
3400	3520
3400	10114
8313	334
8313	335
8313	15432
3975	15685
1527	2611
1337	15446
9742	7536
7718	15798
149	14790
8430	4857
8967	7827
8002	15859
9434	618
2783	2491
6898	3189
4020	13420
3069	6530
2783	15559
480	3247
2783	14514
2783	14683
9201	6095
2783	14315
2783	14216
2783	12748
2783	14004
7529	3408
4133	2890
7851	174
7851	515
7851	15567
7851	13067
7509	7982
7509	3767
8963	3344
4976	15768
745	1365
745	15769
4292	15557
4438	2178
4438	6600
1621	14292
4438	7358
3791	15475
3234	2489
9239	14765
816	10527
6994	533
6994	8339
7462	15559
7462	5914
7462	3894
2123	9128
7509	2252
1309	8772
1309	2050
5308	3268
5308	4183
5308	5014
5308	3350
5308	3913
5308	3264
2308	3115
2032	15801
2032	3379
5467	15412
5467	1750
5467	3868
2606	15514
7934	13435
8048	4781
4409	8675
4409	15068
4409	13551
4409	13547
7512	15746
7512	3954
4409	15483
9571	4843
7512	15391
4409	5082
7512	7539
7512	15642
4409	8360
9571	3395
9571	3347
1290	9275
6948	659
6787	2842
6461	6311
5469	2021
8859	15754
6371	2511
5716	15749
5716	12470
5716	9869
5716	3089
1870	15607
4022	4576
4022	4506
6461	8894
4083	15689
5571	14604
5571	7347
5571	3460
5571	8832
5463	1682
1555	4016
1555	1079
1555	3264
1555	15371
8515	10243
8515	13714
697	15799
697	15728
1382	5233
4529	15504
8493	5780
894	12432
894	13832
7535	3718
7535	5110
3854	5434
3854	9287
3854	14651
3854	15194
7027	1148
1120	2361
8637	3668
3031	1437
8637	10694
7504	3831
9154	7218
4520	12870
5909	2906
8623	8184
8865	15745
9776	10520
4257	3367
7291	5263
6189	261
6189	7168
3387	14386
7772	5208
7772	9772
7772	3450
6644	10211
5794	14434
5794	5818
5794	5707
5794	14713
1236	15
7717	7751
4166	7423
9348	169
66	15635
716	5046
716	5044
9114	15820
7851	1222
814	12060
4720	9044
4720	1597
4704	15797
9508	15602
3337	2425
8035	15859
412	3272
412	14271
6006	15798
3529	5061
5785	11781
8433	4866
8433	10781
4679	5653
5937	15820
7022	2906
7022	2478
7022	2860
5263	3782
1337	15679
1214	10060
5807	2407
2632	2950
5355	13009
2142	15720
589	15443
589	14856
5161	15677
4789	1082
4789	460
5838	11872
3526	15801
5991	7890
3526	15233
3526	15702
3526	15492
3526	15396
3526	2357
3526	15744
3526	7919
3526	15808
7978	15548
5669	1307
3191	15258
4038	1010
4038	1104
613	10729
5397	15784
952	15808
952	15793
952	15274
952	15794
1653	9127
8448	15728
8448	1934
4535	14917
208	4216
4826	11132
9136	15773
1334	6135
141	3532
1334	11613
1334	4227
4886	15566
4886	15723
6969	15814
6562	15733
4155	9844
4155	3491
5221	2079
800	15182
1879	11204
352	2941
6874	15814
1132	5475
1132	8819
1132	2701
1132	10933
1132	2545
1132	6534
1132	2453
1132	12002
1132	1782
1132	8208
1132	1177
1132	5867
1132	7497
352	14960
553	15689
553	3482
8465	6082
3526	14544
1816	15777
3238	2843
3238	3666
3526	15522
3925	5846
2960	3025
6884	15406
7327	15498
3925	4046
8386	15746
5669	4633
5195	1675
274	9609
2013	6464
7216	2907
276	15562
5225	5073
2385	15797
8091	7842
8091	7752
8091	9046
8091	1186
8091	8118
8091	14908
8091	13544
8091	13644
8091	14656
8091	12700
8091	9090
8091	13280
8091	10172
8091	5412
8091	6274
8091	10689
8091	9806
8091	10804
8091	9149
8091	7026
8091	1622
8091	9718
8091	9961
8091	8538
8091	8945
8091	8581
8091	7758
8091	5405
8091	8528
8091	6696
2343	14761
789	15623
7453	15608
278	1305
3252	3446
3252	3548
3252	12232
3252	478
7549	10978
3252	9952
3252	6238
3252	9052
3252	365
3252	1273
3252	2975
3252	4119
3252	3179
3252	7172
3252	6301
3252	4336
3252	3587
3252	3737
3252	5837
3252	14621
3252	3052
3252	1336
3252	337
3252	353
3252	3234
4022	1691
4022	15790
4022	9172
4281	3219
3600	14267
3056	1769
4774	13136
3993	15794
3993	6303
3993	15805
7084	3590
3106	9077
3106	5113
3106	4660
931	15723
931	879
5716	11115
5716	14401
9263	12203
7313	5634
9653	1594
8118	15155
354	3949
9072	15821
2894	6212
1961	6630
5221	15820
1961	9004
1045	12160
1961	1878
4751	9776
4751	6316
6488	6716
6488	6114
6488	3917
6488	13331
3214	13972
7851	1244
2531	15412
1590	15802
487	3592
487	2600
3594	15695
4745	15733
4745	15721
8537	4732
5607	8563
1493	10503
945	9674
945	15479
448	2349
7529	8891
2692	12591
2692	11083
2692	13626
2550	15764
2550	298
8017	15792
826	14965
9570	12872
6182	11810
2150	6010
9253	796
6061	5833
6061	4055
6061	2833
9253	412
9253	5069
9253	3447
8668	15385
4065	11399
9571	9773
8891	117
475	9013
9387	13856
1870	15808
1239	15803
3400	8727
4720	2879
5340	15802
5340	1277
5340	4199
1904	9533
6488	7808
6488	6175
6488	6456
6488	6173
6488	6174
6488	11705
6488	15688
6488	7394
5520	15482
2002	8982
589	11757
337	15263
7196	13333
2837	9350
7666	9172
7196	3470
4784	2772
3653	15736
7703	11174
9255	3418
9255	1176
2456	2842
2456	10455
8522	15830
5669	8001
5332	15625
5332	14495
6673	14931
9425	10892
9514	2426
6533	3556
3224	2625
7547	13351
8148	2740
8148	5484
6895	9372
2528	6896
2528	15615
71	6300
8449	15823
8723	15560
2663	13398
4022	15305
4022	4495
7688	15803
4565	15305
4502	15757
5476	14517
9574	12345
3758	15750
3758	2940
4022	596
4022	5067
6017	2237
6017	1298
1380	5643
7212	331
7680	5673
5024	10981
2724	15824
7364	14566
475	12357
475	14945
8195	5714
8574	15825
1895	15811
9220	14443
2230	15825
1861	8179
6074	2126
100	7064
7776	15326
3917	15736
8931	14981
5962	1138
9718	11974
9718	7182
9718	2941
9718	7633
2625	6998
4886	2102
3834	7526
701	15233
2825	9359
3224	5789
7991	1008
7991	3350
7991	10343
4427	15506
211	9345
9467	9319
9467	6612
9467	8803
8711	14723
1810	103
5571	7075
5571	15803
5571	13964
1742	15694
3208	15491
7289	15829
4947	3564
5332	2350
4535	2658
1742	14561
1742	15443
1742	15609
1742	15202
4477	734
612	3735
6623	1087
4477	2856
1309	9930
1309	230
1309	8603
4004	4667
2512	1681
8418	15668
4559	12177
4022	803
2339	8816
7084	6077
3600	12757
4886	8833
6476	15748
6476	10932
6276	15720
6276	15645
1130	4375
6461	8866
6461	8847
1130	13296
3224	3326
3224	5560
5646	2202
2426	13826
2426	15803
9352	15829
3975	15171
9755	3156
9755	4488
6684	2810
5552	15490
7959	8241
491	15806
2512	1659
1103	15412
6726	8037
4636	7194
4636	14349
1381	13349
2602	15706
2423	3273
2423	7485
2423	15267
2609	2693
5406	15734
2609	335
1336	14460
3020	10234
6453	15087
4022	15578
6662	15811
554	15104
694	12821
4022	14683
2917	12757
8229	10543
8229	1912
8229	1315
8229	3051
3224	1582
194	6136
194	15795
5439	15652
8135	6287
8135	7294
8135	3002
8135	6288
1594	10789
8135	5940
8135	6811
8135	15155
8135	834
8135	7044
1742	1723
1742	15649
1742	6559
1742	4252
1309	4764
4543	5417
5308	13183
6304	5930
6304	8045
6304	498
6304	8160
6304	6103
6304	8745
6304	4399
6543	465
4374	1758
8754	15682
1742	14053
1742	15376
1742	15653
1742	15679
1742	13513
2917	2918
980	15829
1290	6371
1290	4756
4832	15775
1999	6238
7529	14039
3872	4127
3872	2905
2250	2748
2250	3155
2250	774
5321	15352
3580	15812
2250	5992
6994	1005
6994	2560
5669	1283
3224	1583
2917	14710
5392	5000
9616	6763
1742	5358
1742	9614
1742	6557
1742	6561
2468	15820
6602	15558
6913	8477
9431	15104
4888	15829
9431	13887
1233	10848
4046	15836
1022	5167
1022	5973
4046	15855
4046	15828
9084	15526
2247	8522
1798	8342
8039	15782
9690	11189
3104	14825
4022	8510
4022	3218
4022	1366
4022	11999
4022	586
4022	8226
4022	4959
8675	15829
3440	15697
9352	15739
5502	14455
6496	15372
7851	927
7626	15734
7626	15803
7626	15819
9360	7718
3831	835
9299	620
7216	5973
2917	4828
4565	8982
4565	590
7664	2151
7664	6446
7664	9397
7664	4298
7664	2150
7664	2701
7664	7541
7664	2658
7664	1793
7664	6288
7664	2174
7664	9004
7664	1758
7664	9000
7664	7825
7664	8999
7664	14372
3391	678
1337	15780
4497	15780
2668	3376
3208	15736
7064	15828
2632	1722
6354	5018
3081	15326
6748	6525
4133	11476
3208	15800
7293	4157
466	2956
5607	15561
9394	3491
2356	8681
7250	9880
4711	8382
4480	15812
6999	5376
6999	15689
3016	11332
923	15018
225	5873
8767	8936
3600	15064
4962	15277
4497	15829
7281	15770
632	13704
632	14803
8382	7219
8382	15348
8382	14265
4832	2839
6046	15804
9351	15807
6853	4228
4022	9319
3822	3424
7033	15780
7699	15692
5869	13607
3185	5662
829	2625
3466	4737
3466	7487
3466	1213
3466	2153
3466	10490
7006	15825
5716	11140
5716	12730
5716	15252
2512	3714
8343	10279
6776	3158
4457	7526
2124	3686
2124	15276
2879	15675
553	7836
553	14179
553	14842
5610	13713
5610	3390
2934	861
5438	15838
2934	8411
8868	15045
8868	8479
8868	12266
6835	5468
1276	15552
9617	3359
8625	15202
3834	1501
2793	14923
6673	3001
2525	10681
2525	6528
2525	6013
2525	1904
2525	4464
2525	4675
2525	6009
2525	5437
2525	1274
2525	6442
2525	14765
2525	5440
2525	4310
2525	186
2525	2608
1695	15805
8537	9134
4141	14656
7062	15703
1386	6462
1386	13950
2349	15133
2349	15097
5392	15246
2530	1473
7777	15592
6937	15175
2400	5270
2828	6204
9747	8376
9747	15782
6670	15804
6748	8820
6748	2905
5021	14372
8883	5011
5640	15780
6487	12206
1869	12502
1375	15631
2263	12120
4022	6612
2218	3218
4320	15502
4320	10963
4320	2778
397	1712
2525	15536
2525	6211
2525	6233
2525	6223
2525	6439
2525	1488
2525	5250
2525	7752
2525	12624
2525	6461
2525	8837
2525	7758
2525	1490
2525	1487
8079	7683
8079	14760
8376	15811
7060	2082
8184	15723
4438	1265
4192	3931
9157	15387
3380	15745
3380	8112
3108	1145
3108	2453
2512	3984
8148	1670
3150	6370
5231	3076
5846	6420
6895	14828
3337	4907
1006	15819
2755	13694
5340	3907
2652	1109
4565	15807
5683	15532
5683	15354
5683	15723
4565	15739
675	717
4141	15794
4141	15418
4141	5320
4141	12614
1740	2911
3387	15363
4889	106
6751	15855
6974	6521
3380	15598
3380	14315
3380	1364
3885	5718
3713	15706
2373	15829
1998	15744
1998	15548
666	15625
8967	7470
8967	7023
928	1336
928	6580
928	9085
3713	2906
3713	15662
8747	8816
1015	1007
1015	3264
1015	2821
1015	3284
1015	6578
1015	4184
5798	15819
1305	14341
2351	4153
3896	573
7064	10854
1760	1775
1760	7766
1760	6097
3276	6222
9683	5736
9683	5731
4907	15589
3653	1501
7252	1213
4962	15705
8225	9240
7266	15820
1980	15526
2692	5683
2692	15045
2692	12864
4592	15820
3769	15598
6305	15561
7669	1865
7868	15849
4022	9972
8029	13497
8675	15811
5015	2162
8675	15842
9721	15807
5379	15733
3380	12028
6537	15516
7985	9860
5008	11305
5008	12778
3726	15842
7780	5780
7780	14043
668	2717
2868	12623
2868	12655
2868	3237
2868	2570
2868	4739
6037	15236
3340	15728
6077	15829
8648	9493
1668	4406
1437	15813
2366	6423
4292	15710
7340	15778
6994	6530
6994	2746
7900	15526
9215	12385
9630	15463
4704	15412
5055	5693
5055	3677
5055	1189
5055	14069
9636	15790
5055	2453
5055	6082
2356	1070
1037	3414
1037	12939
1037	15115
1037	3761
1037	7650
8668	1151
8668	8876
8668	4118
6431	15526
6935	1310
6431	12265
6431	15050
5123	15548
8781	15829
4142	15813
3932	11677
6550	12982
6550	12324
6550	15189
6550	15350
6550	14620
5618	4481
4106	15605
4162	15819
2783	2986
2783	6819
2783	9850
2783	8436
6920	4162
2425	15736
4515	8543
4683	9273
5929	14347
211	5758
2994	15515
5741	15813
9044	1913
1938	15060
1938	12176
1938	9136
1938	13779
8352	9043
1853	12819
6759	1302
9703	15814
8967	8710
8967	11189
8440	6578
8440	6122
8440	15510
8440	15271
5069	562
5069	191
5069	3418
5069	3387
5069	3120
5069	2434
5729	13565
2002	15813
8967	14234
2033	9041
4565	15813
5415	8755
4535	9270
5607	15829
3917	15694
9476	5252
3257	927
9476	808
8238	14803
1576	2333
8184	15780
518	4563
2318	13404
2318	15194
5397	15806
5397	3120
3713	6641
7017	13007
2680	9428
176	1330
6064	12580
3512	15492
3512	15719
3512	15620
2911	14966
9491	1221
1507	14175
8858	5217
9508	15482
6604	1549
9344	15739
4305	318
9508	4068
7200	14039
7200	9602
9062	11867
9434	3536
8313	2463
3102	15532
6078	9163
8557	4358
9483	6950
8302	3806
1721	15381
4857	15736
510	15773
510	3345
4300	15669
5734	4257
5308	9167
3459	15777
8024	2353
8024	2460
6759	13956
3238	4266
9482	14213
553	1165
553	15803
9563	5642
553	15807
2674	4382
553	4787
553	12209
6347	15705
145	12895
1484	3842
5641	9684
3400	3511
8294	8691
8294	15853
4519	15602
2321	6671
3466	2842
4615	9272
8465	5558
7404	10289
637	11703
9557	12838
5636	15148
5636	15302
5636	8823
5636	1846
5636	11572
5636	632
5636	8745
5636	8829
6931	7777
7264	15804
9482	5421
931	3369
9563	15101
8013	14946
1903	12466
162	7354
1797	15629
8148	1720
3314	1915
3314	8807
951	14841
9563	9685
4219	6481
9381	798
4382	2010
4382	4507
8801	15749
8530	2534
8530	6810
9030	11189
8530	12972
8530	261
5465	2424
8530	9320
4708	3013
9381	3613
6882	13075
1275	15820
5469	6026
5231	7756
3191	13726
2334	15737
9210	1504
3248	1014
3054	3714
952	15683
3016	15854
6323	3910
6323	8192
6308	14744
8184	15804
7967	1834
7453	5922
7453	2907
7453	5973
6460	15813
8801	4594
4289	15847
7173	15678
8242	14231
8775	2154
8775	9162
6371	4027
8775	9843
6265	15526
6265	5968
1553	15619
4409	13829
7750	13440
6370	15728
5054	9128
2601	15566
549	5704
1158	14311
9552	1194
2601	15780
2601	15318
8108	7797
9381	556
6281	11913
7191	5219
2336	10178
4809	15515
5969	15797
5025	15803
7589	8480
7215	5353
2588	1284
2588	13238
9263	15673
1735	14262
1735	3303
1735	12580
1735	5311
1735	15675
1735	15251
1735	15435
1735	1620
1735	2134
1304	12566
9448	15579
9473	14090
9448	822
6371	719
1254	15346
1254	1805
1254	14917
1254	23
1254	15758
1254	7762
6568	175
6795	516
3649	15813
3398	8578
5363	15820
1315	6801
583	8929
6582	7266
6582	2595
6582	3115
6582	5222
6582	9605
6582	14680
5315	8811
9006	15743
9006	8601
6582	7181
8449	1410
1905	12796
4316	14803
4764	4472
9246	2250
1714	15753
4192	10011
8141	15805
868	8337
8967	7936
6759	9288
6759	10490
282	11528
207	15822
6056	15705
3872	8542
466	9112
6044	15492
857	15649
1861	11100
6391	2415
3487	12161
4361	1062
7909	15814
7909	7503
1103	10694
5369	15385
1879	3444
2016	6386
2866	5629
7868	10550
2899	15702
3460	15743
4925	3645
3594	4540
1810	2406
9182	13485
491	15734
491	15446
491	15539
6347	9591
6898	4711
6898	5780
8704	6748
3311	10817
3311	8016
3311	13581
3311	4251
1263	14426
2182	8929
5830	8887
6359	2804
7313	7588
1330	6274
3062	15569
3062	3059
3062	2603
3062	7345
3062	15736
3062	13087
4457	15813
4641	14894
4641	14278
4641	15477
2250	3237
5669	2764
8895	5048
3400	1708
9332	15509
2833	6458
58	3446
4709	15628
2976	15431
2976	3479
2976	7286
3428	638
3637	15122
7853	2438
7853	5965
3487	2991
3487	8766
1946	15526
7002	15705
9637	15539
9637	15780
6700	6273
3993	3609
9374	8999
7764	12596
9659	7538
9310	15804
1037	12233
7547	10719
1689	14473
1312	15739
9636	15282
1896	1566
9479	8390
3715	15735
466	2914
7466	4875
3792	10406
3792	4227
7466	10146
7466	14295
8585	15847
5340	15809
7466	11317
7466	11828
7466	11319
3925	15396
7222	15551
9544	3630
8666	15842
4769	6420
4528	3487
9468	15849
4317	5372
1728	15766
1728	2870
2854	15670
2854	15780
988	15705
8675	15854
8313	9403
5633	319
3128	15831
1867	7164
7100	14473
3196	14419
6883	15071
7144	15810
597	3606
6414	170
2601	15715
9220	15529
9220	9626
7002	15849
1627	15706
1437	15804
6475	15350
5654	13895
5654	6062
5654	8938
5654	7996
5654	4047
7988	15831
9817	13005
4962	14178
4962	14843
5707	67
9696	15878
1805	14277
6968	4969
2521	8780
9738	8057
9738	12788
7022	2261
697	15860
9174	15728
3885	15820
7291	2114
7291	4389
7291	947
9552	922
2132	15063
872	15705
7303	4945
7303	1723
5522	15798
58	5947
7313	9113
612	15820
5086	2051
2359	15304
928	15218
2068	6015
2758	4592
477	15142
477	15372
8700	15846
6044	15846
9532	6376
475	15500
5258	6311
5258	15706
7517	14870
4520	15552
7248	7370
5156	5946
1701	15848
8499	15839
8499	15802
8144	6780
8144	292
8499	12304
8606	8099
487	15703
487	8873
487	1050
8606	13279
8349	15803
1758	8192
7199	3325
1150	15238
1844	15552
1844	15420
3516	15780
3081	6398
3673	9685
5607	15630
5083	15736
8606	4538
3090	2742
4497	15833
6501	8136
9752	15104
4438	12664
553	15837
953	5108
553	13676
7674	5019
7863	15810
4708	7716
829	14903
972	15878
9577	15776
9577	15381
9577	13296
4061	15758
8606	10673
5669	4656
636	6289
1259	15802
5332	7534
5961	14979
2872	14697
2872	6423
2872	10684
2647	1474
5156	6410
1683	8175
6125	14938
9293	15776
5374	1674
5374	15803
1740	544
243	9153
9233	15794
697	15402
1744	15847
2512	15605
5927	4509
8195	14949
8195	14717
7295	7332
2198	3640
6773	9820
9637	2167
8261	6670
8325	9396
2913	15120
2632	1911
3850	15872
2512	2622
5797	15715
309	2271
6849	15739
6849	10699
6849	13333
5203	14495
5203	8947
9528	2818
7313	15747
8457	11456
8457	14300
3282	15703
2811	15913
1726	5137
5438	15878
5438	11499
6773	6511
412	3723
8514	5299
793	9067
9563	15747
9267	15828
4497	15813
5332	7825
5438	15874
8710	15872
8833	5451
2692	8558
9339	1696
9339	1449
2246	13092
4602	15833
7070	15313
9514	1475
9514	2073
2692	15548
9514	4205
2692	15586
5379	15829
2692	15326
9631	8687
5838	3248
9631	8390
9631	9487
6016	183
9631	4333
4610	15826
1744	8999
1744	831
1744	7825
2246	13389
2246	8792
2246	8036
2246	8033
2246	7646
6366	15860
2246	9810
8325	9407
6745	4045
1356	7561
1356	4967
1356	7273
8860	15412
8860	4573
1982	13613
4651	5111
3372	12986
2652	14633
2033	499
9554	15736
412	6055
5707	3257
412	5790
1470	6825
1470	926
1470	1028
582	15815
1470	4872
1470	2613
1060	2415
5783	15922
3460	2491
3460	2280
1206	15772
1206	15878
7530	15802
1208	9744
42	15809
42	15656
6673	6853
4316	15820
4664	8044
5363	15657
7036	6511
2400	15757
363	15202
363	15813
3321	6002
432	7402
7506	1755
432	5044
432	4791
432	3643
432	15689
432	2065
432	12822
432	14504
432	5056
432	5043
432	3262
8619	13883
432	2151
432	15093
432	7720
4193	4556
432	15000
432	2127
3616	2375
3822	14842
1744	1076
650	15780
3089	4438
3089	7165
3089	189
3089	14093
3089	3025
6824	15498
4451	15358
4393	15728
4393	15767
4393	4410
4393	3220
4393	5035
4393	15462
4393	15086
4393	14738
4797	14315
8308	1647
6128	5516
6371	4030
5037	2817
562	15597
2447	5144
1048	15872
8933	3292
518	4800
3829	2912
275	4535
7763	3903
2913	15790
5025	15860
4213	15846
1022	4074
3740	15885
8267	15864
6501	5746
6501	13383
6501	10470
7825	1902
246	15734
246	7030
246	15829
246	14171
9748	15715
5192	15805
3917	6864
3917	3545
3917	7069
3917	2978
2464	13651
32	2650
32	3436
8996	9002
4046	12637
4046	7588
9599	11209
553	15745
553	9794
3673	15850
553	15739
553	5132
2544	7044
9028	15844
2544	9127
2928	15860
2928	15734
5763	15813
5763	15847
4187	15315
2544	15569
2544	12275
2544	6950
2544	7808
2544	14870
466	4354
466	2326
466	4390
466	2167
2708	15804
6783	5512
2025	6000
2025	7005
2025	1867
1755	834
2543	15858
7814	3740
2967	14966
3594	399
8832	2361
3019	3849
3019	2941
5640	15764
7674	15884
8065	13498
5068	15809
1890	3176
4022	1933
2206	15726
411	8502
1701	15831
1679	290
6555	4059
6555	12692
3480	6317
2530	1113
9815	10074
1300	15464
1797	3345
8108	15178
4510	14088
8979	5374
7529	15809
2051	15801
5298	15871
4494	6276
4548	1167
3398	15869
6524	2454
6524	2062
4308	8268
4022	15880
2235	15869
8675	15872
5185	3488
7814	14790
9772	15852
7626	15867
7626	15826
7626	15767
437	15455
6983	9794
6491	15847
1869	4845
1208	8469
6116	14463
2947	15852
7601	7186
7639	15813
2868	14581
2654	5108
8267	15878
3685	12353
1561	15869
9181	5048
1316	15891
4187	15506
4187	10089
1805	15869
5670	13100
7614	15869
6874	15869
5534	15355
7261	15618
9292	2599
4766	459
6737	10440
5566	15795
2870	11959
6032	15831
5927	4612
8642	12161
4133	15891
7978	705
4361	1714
3359	15254
3359	9111
4361	2427
4641	9279
9318	13665
3854	2907
3854	2909
9030	15919
5043	13262
466	2891
466	8877
5937	15545
9291	8871
9291	11544
7070	3773
499	15715
1441	10400
6812	719
3057	8661
4659	3895
4659	3216
2156	6114
6527	15645
6527	11785
7814	1831
2417	15702
8148	557
7559	12243
7516	13658
3719	11886
997	6578
5413	1778
6568	343
6568	2463
5634	365
433	2538
433	15771
5723	9359
6685	15825
4046	15919
9145	1675
7712	5834
1585	15891
4022	15846
7349	15586
7349	12502
1869	2084
8351	12177
3899	15872
4886	3005
7814	2686
4675	9879
8767	15847
9613	15913
7467	3627
7467	5503
4390	15850
8766	15809
7863	14667
3395	13887
9466	14839
9466	9039
9466	15168
9466	15107
2351	17
3238	3909
3238	3480
7478	4762
1484	15869
6797	8346
817	8836
817	8337
5192	10135
817	11974
5192	223
817	6871
2860	15822
6035	6581
8912	15404
7814	4858
4595	8763
9646	2872
7327	15822
7274	15820
8546	12610
7934	15813
6479	977
1994	15842
9727	2116
1920	10285
4877	15892
4877	15477
4022	7402
6302	15793
1703	15891
4022	9097
7814	154
8351	14962
7814	3302
3208	13652
3844	9365
799	730
5128	10736
961	1258
5283	15401
7971	5049
7313	8448
9613	15751
9613	15767
9613	15826
9613	15892
9613	15922
9613	15598
9613	13152
665	865
665	6304
665	3516
665	4827
665	5006
665	4554
5168	6076
7502	1890
239	5994
239	3854
8383	1503
239	502
239	9783
4308	5915
2357	12964
8830	15124
466	7392
4736	7098
553	2799
553	15819
553	8084
615	15880
1944	15872
1900	6329
4193	5171
4328	5700
9348	2453
8325	1303
2808	15842
2808	322
8030	15866
388	15869
388	15876
1744	6323
1744	2048
1744	7294
6309	3939
8464	1138
767	3818
1043	9067
1043	11335
3464	13098
9173	7540
1585	15886
1726	10684
1726	4597
3353	15904
3353	7009
632	15876
5927	9172
8325	8323
3337	9765
3337	6967
4046	10467
4317	1916
9526	15104
8503	15871
8763	2675
7286	15748
412	15876
412	15875
7832	15765
412	15886
412	13639
412	7833
3637	15697
3854	15851
2692	13886
5134	10860
2222	38
4789	4689
4789	15094
4832	15238
2692	15411
2222	15801
4789	1860
4832	15689
2222	3513
4832	15739
7639	1874
7639	8747
7639	2157
7639	15592
7639	4001
7639	5179
4832	11649
4832	15714
4832	4971
4832	5598
4832	3933
4832	3519
329	15890
4832	3245
4832	3718
4832	13705
4832	3735
4832	15092
4832	2704
4832	10422
1773	15305
7978	15891
5358	3729
2666	15428
1653	3369
6835	15811
6835	15025
3400	9990
2408	15907
6197	6824
4764	15813
6759	327
6759	6024
6759	153
8712	7814
9263	15299
9563	15290
1519	15148
1519	6103
1519	6060
1519	15772
1519	3356
1519	14748
1519	8008
1519	280
5773	15810
1742	15744
482	4584
482	4538
482	4524
482	1361
482	1885
482	1362
482	2533
6843	9145
2235	13994
466	2602
466	3060
4022	4733
4022	6682
4022	11612
8014	15381
8014	15510
8014	13296
2609	2400
176	2747
176	5580
176	764
176	3326
176	5702
5155	15788
7794	2025
9012	8232
7547	12161
2988	7421
5909	15380
4734	15846
8677	15864
6220	4050
3196	15857
1810	6288
4359	15819
8424	8923
5703	5608
7708	4767
8993	15809
4664	492
5669	1397
4907	7830
5369	15149
1991	15744
1011	2891
5313	9212
5313	7306
1011	15807
395	15354
7912	4924
395	15597
395	15598
550	8007
3254	15765
2318	13263
3498	1056
3498	14112
3156	15869
7303	13891
7435	15322
1656	10836
6610	1473
6610	6077
6610	3590
1379	7955
5927	6837
5995	7447
9360	15715
4667	15849
3728	7767
9012	12932
4915	4596
4915	2843
4915	3642
4915	3293
4915	2634
1328	8772
2295	15750
4788	6541
1519	4251
9613	15867
9593	15847
3016	8568
6032	6003
2124	11316
2124	9596
2124	9788
2124	8569
8294	15568
8294	14643
5564	9435
1334	13417
1334	15509
1334	15869
1334	14827
1653	15176
8299	15771
5733	15876
7801	12453
6795	2272
6795	555
3119	15760
6859	13860
3100	3306
3133	15689
6125	8339
6125	11687
6125	8338
6125	533
4770	834
8206	15891
4797	15744
1578	2140
1578	2174
2033	7381
916	1120
8108	7432
412	8598
412	3463
4407	15881
6471	15881
6207	13826
7453	9097
7453	3157
2544	15949
7453	13087
7453	9288
5640	15881
5359	15881
1122	15881
8441	15538
8441	7281
8441	14966
8441	15198
8441	15410
466	8268
6543	6676
3993	15911
466	2634
3993	3580
3993	15393
3993	3030
5995	12229
2811	4545
8325	4612
9809	1318
5995	8245
5995	12626
5995	12274
5995	12231
2823	3597
6979	7762
4497	15881
3295	3531
3295	8131
7100	15890
5633	11436
9554	875
9554	4046
3925	7780
1337	15881
763	4414
1639	15846
4192	311
817	15438
7547	5385
3934	4900
6036	15850
7626	3663
7626	2831
7626	15892
7626	15881
8267	15881
7470	2831
7470	1787
1810	4112
3325	15769
4923	6087
7814	4491
7814	4539
7814	5089
7814	4757
6207	14349
6207	12681
3726	15799
3975	15904
8209	15881
2091	1071
2091	2113
2091	2490
2091	219
2091	2499
412	15080
3708	13737
8507	9828
8507	15842
8507	1233
8507	3631
8979	12032
8979	15802
5358	7527
7259	5753
8764	14995
3145	2654
807	14965
7720	3517
7720	6796
7100	3586
7100	9487
1848	3019
6984	329
4996	15813
7547	5072
4675	15767
1654	3443
8275	15799
8581	4624
8581	6305
8017	15664
2955	15689
3492	15753
4985	11330
3182	15846
6547	15758
6547	15807
3395	764
1919	416
1919	368
8577	10663
7775	5106
7775	403
7775	11517
7775	9439
8577	8854
7775	297
7775	11266
7775	4475
7775	5309
7775	1361
7775	6612
8577	867
7775	628
7775	1366
7775	1365
7775	294
7775	1072
7775	5789
7775	7534
7775	9000
7775	1167
3675	4006
8577	1636
475	15572
412	10647
952	15826
952	15878
5919	15878
7775	3485
7775	9360
7775	2916
7775	3571
7775	1885
5440	8088
5440	12475
7775	2796
4286	15949
1276	878
2697	15812
2015	15759
6207	3727
6207	5826
2475	15891
6560	6259
6510	15810
4108	6489
7925	5521
4108	1896
4108	14405
613	15772
613	15676
4155	15881
4673	1276
6839	10156
5774	14196
5774	15906
5774	7737
5774	8759
2313	15896
5640	15896
7207	7690
5231	618
7391	1884
6999	15846
6999	7402
1410	12664
9356	9138
6999	15758
6999	15807
3150	15475
4072	10954
6085	7080
7559	15800
5905	6446
5905	522
5905	523
5905	12621
2450	15627
5288	15881
467	15508
6371	8144
6371	2710
5347	14971
8124	2184
8776	2538
4843	15469
5105	768
3529	596
3529	5050
3529	7050
3529	3264
9239	11341
8948	6304
1820	1530
6530	3132
3995	10928
5712	15881
3301	1122
3995	1681
4962	12168
4962	4990
7219	15820
103	15480
103	12399
103	7762
103	4219
6688	10565
1246	15881
2385	14345
2385	2626
2385	13381
2318	15554
7617	15765
3137	8776
3137	4246
1656	52
1656	5882
2915	9177
2915	5081
789	5334
2915	15707
2915	4561
2915	5606
7584	15919
8989	15971
4641	15306
4641	15426
4641	7659
1410	2204
352	15859
4022	12757
868	2539
5668	15715
5668	15837
4273	14135
2935	3359
8040	15907
5392	15881
6927	15849
5724	15868
3057	910
3057	2862
5646	15842
6931	4598
3838	8217
3838	5720
553	15833
553	636
553	9108
553	15780
553	3346
553	15767
768	11982
4432	2822
9186	15949
246	15689
246	15803
1653	586
8935	15658
1197	15632
412	15884
816	14436
5783	15780
407	8808
3484	15877
3628	1167
4273	4715
7494	5466
1359	14844
2525	1271
8613	15804
8613	15807
1695	8826
7814	2065
1656	11514
6571	15934
6305	7547
2918	1102
7139	15765
7139	14811
7139	15483
7139	15388
7139	14704
7139	14965
9394	15896
4022	5307
4160	7872
9089	5334
2	15785
7633	10115
3578	5126
4022	4732
4022	6585
6931	2200
6246	7361
817	3850
1116	13593
1116	9902
5369	8201
388	15837
469	6534
469	3202
2025	7080
2808	15516
4141	15285
4141	2095
4141	2153
4141	2094
4141	1542
4141	3590
4141	14330
1923	15785
7814	12745
4664	3587
699	13384
2400	7636
7100	4646
7523	9909
7523	9620
725	4596
725	100
725	3550
725	3876
725	5364
7560	165
7560	15867
9143	15846
1810	3778
3198	7928
2515	15831
4797	331
5172	5852
6931	5066
6786	14765
5784	1364
7127	9360
2423	1925
1563	2732
3090	7530
1656	5325
1656	1952
4996	15846
3451	14142
7767	8574
2649	15785
4196	3071
7266	15580
5279	15122
6903	8864
6903	4968
6614	8371
6614	14582
6614	4434
4022	3758
2395	15697
7034	7742
4024	15896
9654	3661
2475	9598
3578	9249
3578	2050
3578	8986
2933	6801
9012	13356
6037	15704
6037	14164
868	3705
8514	15517
868	3354
1484	10178
3726	6187
662	15321
4740	15584
5375	26
232	8417
8042	1799
9075	15207
9727	6974
2013	15809
2940	15544
1843	6438
1843	7563
1843	3292
1843	7209
9507	8017
9507	6861
6421	15949
1954	2599
104	810
7099	381
4022	6583
4022	5311
7710	15867
8890	1755
8890	15772
1361	15785
1742	15884
1905	5084
8357	15826
8357	15733
8229	15802
9654	11698
9654	8339
9654	11687
7617	15632
7449	15890
7449	6875
3440	15447
6994	8903
6994	2942
6994	8338
8912	10466
8325	3604
7323	14675
4675	9309
799	8871
7915	15748
5851	5579
5851	1693
2894	15891
4022	3638
4022	3349
1228	15363
8775	8898
8337	8699
6391	4819
1361	15791
8337	15715
9534	9533
3618	15841
4093	15519
7041	9118
9696	15165
8337	1599
3333	15822
4022	2078
4022	4091
967	4375
3555	6201
1740	10176
1740	11130
967	5800
8382	353
8382	7713
8382	9009
8382	7572
8382	10322
6255	15877
2692	15472
2692	15447
2692	14944
4133	1891
2692	15578
1742	15846
4675	13710
8749	15891
492	15765
4022	4600
1786	2883
9557	1360
6088	2392
6078	15760
3288	7370
7060	13713
9637	5839
9637	14995
9637	15164
9637	15562
9637	13346
3069	15231
2614	1015
8851	7319
8642	4398
5612	8649
9334	15813
5804	15837
5804	8474
491	15901
5804	6049
6979	479
5848	1354
7816	15338
7816	4256
7816	15697
7816	13083
4342	294
7816	4445
7816	646
2359	719
7816	14708
553	15880
6912	15927
8598	9442
7727	2384
7727	5379
7727	4109
3595	15762
1533	15840
1695	197
4022	1923
1098	1572
6059	15924
4022	3338
4022	3337
4022	3345
4022	3342
4022	4731
8199	15894
2820	995
1038	15877
9012	9433
4352	3367
5851	5287
8675	15881
7814	4288
4628	15913
7814	9948
1441	6327
1496	15957
4022	4635
5892	5693
7006	15840
8543	1006
5585	12586
5585	9766
5585	5276
9431	15847
9431	15702
957	15913
1578	5298
6931	4481
2665	10396
4022	8984
4022	10238
7366	992
1488	15878
7584	14723
7584	10433
7584	7779
7584	9487
9252	14917
7680	4044
7680	11042
7680	4971
7470	6151
7680	2695
1097	15857
4022	6124
1506	15916
4192	7178
1425	15887
2510	13464
2510	9805
6824	15641
2	333
1547	11186
8399	15916
4022	8983
970	7836
970	8389
4008	3723
4008	3777
9298	1928
2339	10440
4429	15795
9607	15829
6214	1923
1931	4512
4133	7394
1493	15624
8144	15871
828	15768
828	15252
5806	4097
4788	7460
3424	15901
8384	2788
8613	15715
8613	15767
8613	15892
8613	15826
8613	15780
8613	15819
1653	12169
3270	295
4022	110
2108	3956
8586	4273
2510	12401
243	1171
8445	15869
6371	612
162	1593
9425	15916
1633	8008
486	15801
211	9685
211	8946
211	5334
211	5652
211	5984
7780	15868
725	3909
697	15887
227	11680
4022	9448
4317	4755
4022	6071
8514	3268
3792	4053
4022	3341
4022	3339
4022	6241
4022	7138
4675	15829
310	13087
1810	7306
412	2509
9644	15710
3378	9271
9257	15881
7297	4579
7216	5971
7855	13941
8428	12045
6323	15767
2828	15476
9431	864
945	12081
945	14548
945	15269
945	6367
4583	15903
4583	9794
4583	15971
3279	13757
1300	15565
6142	15927
5123	15564
9230	5084
9230	5956
9230	3861
9230	8800
9230	2339
4851	8013
9230	166
4022	7674
6491	15773
1493	14696
8737	15521
8737	2474
8737	15128
8737	6810
8737	15771
4665	535
7756	9640
4166	15715
4166	15892
2400	3493
6214	15246
6347	15678
6926	14561
8008	1114
8407	15780
8407	15881
1304	12171
1304	15334
1304	9791
1304	8764
1304	14788
6006	15521
3492	8146
3169	6726
6662	15881
3487	9733
7814	14062
7814	12066
8206	15809
8275	15916
980	15935
7674	15631
4305	4719
2308	15342
2308	2207
4263	15003
7411	15579
6362	5278
9179	15828
6252	6796
5712	15865
6773	15785
42	7582
42	11479
9491	5695
9723	15916
5869	12808
165	15927
1334	9988
9508	13786
6497	15689
930	10021
2542	15632
4958	15926
2578	4130
4133	12680
3150	8360
7814	11984
8556	5174
4281	2169
7100	9635
5457	15879
5457	11865
5457	15501
6560	881
6560	865
6560	3101
4788	1809
8671	1716
8671	3144
4415	14886
4415	15632
6867	4648
3657	930
6931	15888
2025	5727
7716	7449
2025	2968
4789	12026
4789	974
4263	15285
7599	8999
5675	15922
1382	836
7275	15871
1382	2196
1382	3126
1382	4099
8729	15838
466	7767
8729	3588
8729	15650
8729	15205
5900	10448
211	15612
211	3252
4950	2065
8042	1658
8042	1297
8042	1343
8042	1752
8042	2771
8201	15222
3064	15858
3064	15849
3085	4901
7669	2910
3064	11036
6225	2209
6225	14957
6225	12914
8084	10246
796	1653
9582	15904
9582	15823
1475	8885
5279	7446
6368	15903
6256	5512
7020	4459
4022	7101
5054	5336
4022	12154
4022	239
6149	15904
8031	15734
1718	4601
1718	4577
1718	4505
851	9489
3316	15716
3316	2719
7998	5988
4022	6074
8042	5049
8042	1526
6688	6081
8042	1524
6946	15876
4022	4941
4022	8987
4022	6081
4022	6075
4022	10789
8738	15803
9114	15916
5659	10044
7560	7768
3090	7540
5381	14903
8775	6155
2068	3484
9652	15809
705	9388
705	14399
7761	14725
7761	15060
7761	15774
7761	14873
6243	1196
7761	15272
7761	15693
8939	8665
7761	11189
3842	15888
3975	15911
8138	15690
6688	5853
58	2491
5154	15926
5154	15058
8776	15851
5154	14517
227	14597
1417	15401
8797	14178
6927	13481
4665	6188
5575	7497
4519	11272
5575	3799
5575	6578
5575	4184
3754	12025
2783	11023
2783	15837
950	10308
5909	15926
829	3241
1108	1792
7814	3243
8373	15934
6688	6121
6688	9843
9390	15678
5379	15896
9390	3872
9390	4802
4788	3895
5744	15647
9089	11489
6037	15553
7396	15629
7396	5001
9503	15920
6523	10580
4617	6683
576	13391
39	8431
7852	10242
7852	15184
7852	2646
6931	1085
5729	6228
5636	15280
5636	6059
1094	15895
1048	15926
6831	7653
5218	298
5218	5218
1440	15689
6348	1088
6348	764
5810	8064
9263	15322
8840	15730
2393	15937
2393	15916
1304	7562
4308	5997
4263	7612
6843	9487
4894	1809
4894	3223
2827	2769
2827	2771
3395	13889
8950	1155
3153	15790
6688	12929
6688	15469
9039	15851
668	2279
668	1016
8781	15742
1022	15222
4166	15901
7033	15954
6433	12373
6433	13603
7435	7283
412	340
412	4260
412	7541
412	6151
412	5125
412	7098
412	559
412	2845
412	1055
595	9396
595	15840
3568	6716
5470	5989
7233	2545
6688	5700
2218	10144
7982	4491
7435	15673
4281	15934
3885	15907
6843	15327
6843	14340
1744	15926
7289	2776
7289	3915
7289	15881
4788	8413
7978	15714
7978	13705
2935	1388
2222	9067
7808	3865
7808	2512
5275	1851
1903	4966
9030	15951
2601	15089
2601	15865
6046	15682
8225	762
9717	15965
9717	15135
8325	2290
8325	4638
4842	15477
4842	15354
5771	5685
6439	2935
632	6358
6755	7326
9703	15869
586	8046
1493	12645
8332	15926
5440	10434
1493	5796
9608	15730
8692	15682
4212	15842
4842	15739
9534	1337
9534	5148
614	2489
4788	3248
412	10814
1586	6554
412	3586
1586	15566
1586	15262
412	638
1586	7044
1586	7402
7559	13414
8960	15842
3002	7410
3002	7412
289	15883
6351	14701
9348	603
7853	2892
7853	2623
9637	10715
4022	9127
3480	15730
9396	4450
9396	15289
9396	5914
2009	4597
2009	2841
7496	3078
7366	547
7780	2899
7780	2247
4022	1578
2202	5305
2202	14266
7512	2656
7512	9027
7512	6690
7512	15150
7512	14626
7512	3419
1759	15754
7313	10839
281	14179
412	7825
412	2025
5610	7651
5610	9455
1521	6416
1521	11050
5851	8411
9637	1809
4453	7166
6585	14368
6585	15761
6585	14780
6585	14786
6585	14527
6585	13941
6585	13440
6585	13946
5610	5823
8694	15785
799	6151
39	15632
7614	15888
1848	1616
1624	15293
1722	2254
8141	7185
3086	15951
8325	719
3263	8823
2823	2889
6116	9887
535	14469
239	6229
412	557
8031	15881
7048	3399
9562	5386
9562	14285
1810	12614
412	8745
412	4184
4022	1252
412	7673
412	4305
412	6008
412	5345
553	15869
4022	1572
553	7020
8694	15265
4067	10081
6073	15758
1689	6875
4736	14285
4022	2882
4022	2079
1653	10827
1653	8065
868	6339
868	8582
868	11738
868	14860
4502	8434
8701	15079
4022	2739
8900	111
8900	7910
4022	4453
4022	3848
6207	821
6207	914
4022	4497
5191	15910
4947	12934
897	9475
6325	2068
6325	3865
6325	13494
6325	7090
6325	7629
5592	6563
71	6541
5592	5045
6898	2948
9136	15730
8637	4545
8637	1284
8637	10011
7870	15884
7142	15963
2521	9319
947	15033
6418	15504
7613	15932
354	3782
1923	1629
9505	9229
9505	6925
6108	15827
4788	6110
7070	2891
7070	4744
8449	2385
6182	3163
4550	14946
9528	15888
7077	5730
6276	15767
5578	13155
412	5718
2320	5305
412	9085
2823	6870
1298	3390
3580	15888
5578	15837
1406	10400
6143	5278
7469	15772
4040	2677
5669	5601
464	3273
464	2511
5592	5055
4257	732
9255	9052
6059	6745
1064	15122
9255	2709
7980	2707
2444	15241
2444	12740
7980	3455
7980	4280
7980	5607
7980	4276
7980	4212
7980	3659
7980	6620
7980	5631
7980	3115
8955	3948
7980	2070
8955	8047
7980	1414
5669	5946
6543	13156
4202	6892
412	10278
6182	15951
5156	3112
8223	2120
8223	4660
8223	12838
4485	10214
4485	8840
8087	13827
3377	6837
4664	2247
8087	13690
5359	15945
6549	650
6549	3735
6549	2704
6549	8322
4764	15822
2051	15625
2051	15254
2051	15011
635	15846
8597	1276
8880	15508
7725	5663
412	1817
8880	14006
8880	14165
4923	4902
4923	5766
9239	5941
9239	9534
9239	3613
9239	1692
8052	15060
9504	3686
9504	11580
7870	1254
7515	15772
1011	15469
3002	7596
1011	1586
9061	6478
2893	2728
3001	6746
3001	8123
3001	5617
4743	15895
6379	1702
6379	5084
6379	7762
2052	13813
3055	7172
412	9829
5468	5019
412	5964
4788	4631
1330	12553
6773	14063
5438	5938
4673	7172
5263	2975
2405	15947
5677	10406
4856	15941
6617	15888
7946	2469
7946	2888
7946	15358
7946	3660
6564	15582
6564	15132
7549	363
2868	14710
8383	5709
2148	15456
2692	15295
4141	700
4141	5549
4141	11308
8267	15937
7366	3918
3002	7938
3002	7860
4022	14004
5436	13940
2179	15759
4022	2767
4022	2768
4022	2774
4022	2772
6370	2633
1011	15119
239	555
8007	15926
5773	4346
2341	2023
7991	1874
3214	4289
1749	15865
1749	8224
1493	7988
1749	15881
1493	2553
185	1540
412	2102
4438	9008
1206	564
8715	660
8715	8567
8715	6486
5231	3655
5669	8572
4525	3193
4022	2771
5900	654
7725	15307
5229	6624
1361	9455
501	15880
523	7523
719	3416
719	7076
719	9754
2601	2134
8449	10175
5299	15813
155	3004
7410	2306
155	3002
155	2954
155	3001
155	2941
6511	15826
4263	2736
3580	15826
4022	2769
2405	12813
2405	5994
2405	5627
9579	15952
227	5334
3844	6379
4022	6771
2250	10486
2250	5789
5457	15210
1441	103
4022	5381
3001	3804
3001	4219
8744	2993
4022	9860
8744	15741
4736	6048
8993	15952
2006	14616
8325	15491
1527	3382
7748	11722
4046	15944
1381	4735
8015	12309
8015	10011
1621	13739
5392	15952
5886	15443
5886	15576
9155	8227
412	810
2571	15952
8232	15422
5951	8728
4022	5024
4925	8897
140	14870
4736	3962
87	15878
87	15926
8209	15952
4133	15905
8440	15846
8440	15822
8440	15847
3104	13356
6214	594
3104	9600
6214	29
6898	1758
6214	10563
6214	13863
6898	1324
1903	14905
8325	2860
9072	3446
9072	387
9072	15107
7988	15952
8830	15952
1406	5025
1941	8738
846	1939
846	5685
846	2553
846	5061
156	1795
5907	2624
5907	12838
5907	8849
5907	6079
5907	2521
5907	4570
3600	3348
7050	6086
8325	1220
9179	15705
466	4171
466	2835
466	14608
466	5838
553	1271
466	6229
466	8198
553	15876
553	1966
2569	15148
2569	15772
2569	15676
4675	3115
2919	4410
4576	10196
5311	12492
2654	15851
6236	5652
3634	15783
3634	15880
4012	15819
3634	15104
4012	15803
4012	15728
4012	15715
4012	15860
2947	15905
5366	15491
5366	8194
3718	15731
2928	15891
5900	5311
2928	15809
2928	15847
7100	13826
412	15939
6073	5166
5976	9866
5976	8130
1962	5839
4317	8339
7651	126
7651	129
9317	3028
7589	13977
2279	14960
1646	15952
8613	15562
1034	15104
6519	1844
1203	15825
6519	2750
6519	7085
6519	7407
6519	5200
6519	6721
6519	3450
6519	1673
6519	2211
6519	1493
6519	1875
6519	1014
3182	15114
8325	327
8325	2285
5101	15632
7033	15974
7585	14710
7539	15941
4877	15887
3016	6864
8878	15723
399	3048
4740	15747
4305	15949
7814	1739
7814	1200
8325	8890
8325	1175
4437	12734
4022	2229
613	14313
613	4212
613	3659
613	15148
4022	549
6784	12023
6784	13133
6784	15332
6784	14093
6784	8628
3016	15939
4022	3307
8586	2623
8586	3309
8285	3345
8285	3343
8354	2534
6773	14591
58	11613
2904	10916
3838	2725
8056	3962
5359	15888
4389	11655
4292	10642
4389	8301
4389	15791
5983	12487
5310	15608
3320	9048
9477	15765
819	903
819	3850
819	6034
819	15486
9700	15916
9700	15472
9700	5441
9700	15878
9700	11506
9700	13472
9700	15853
9700	15790
9700	15540
9700	15170
9700	11649
9270	95
1644	15870
4004	4224
4673	11541
9466	12229
9466	6921
9466	7451
9466	12012
9466	10634
8993	15905
8449	3742
6730	1429
2631	4118
9443	15724
4734	15952
9690	14757
7425	8983
6260	15768
6260	9828
6260	8999
6688	6161
3844	13044
9800	5905
2315	7813
8585	15934
5703	15576
8993	4735
4316	14450
5544	15632
8574	15974
4726	4452
4726	6301
4726	2128
4236	14454
4236	15731
8325	758
1103	15869
7578	15532
4866	15923
666	15993
549	6503
8209	15982
8325	4553
3236	10969
1398	8025
1398	15380
1398	14840
1398	13096
1398	11116
1398	12917
7578	15993
3027	15199
3027	15655
3027	15913
3027	15396
3027	15837
3027	15813
3027	15739
3027	1718
3027	15755
3027	15800
3027	15741
3027	15412
3027	15513
3027	15797
3027	15694
3027	15492
3027	15750
3027	13242
3027	14277
3027	15679
3027	15846
4675	5986
4667	6755
8689	7756
8689	795
8637	250
7487	7371
6471	15902
1392	1710
5919	15914
5919	15865
1392	15689
6394	13732
1328	4644
1529	13097
4166	15914
4166	15952
2385	14219
7651	8321
41	15780
5703	5386
5703	1693
8052	1070
8239	15878
3907	9956
3156	15993
2841	15858
7100	5824
7100	6581
5822	362
412	15982
7585	8823
7068	15974
3119	666
2221	2384
1529	3999
1529	10605
8148	15945
8148	3487
412	12012
6247	6112
412	12641
6501	15068
6501	14205
8101	15840
8903	2387
1573	11288
8846	9894
8846	15525
8846	15820
8846	12309
8846	15526
8325	4611
8844	8175
8844	596
8844	3551
8844	599
8844	6324
8844	1096
8844	2602
8206	15896
6348	2919
6348	350
8325	2931
7631	14525
7622	13255
1406	1076
5485	14573
2915	13423
9642	5562
9642	4548
9642	12237
9642	4513
9642	2909
7327	15869
9642	9298
2411	6109
1022	7005
99	15510
4061	15982
1653	8144
8017	15945
8017	15902
8017	15895
2108	3326
5106	15950
6281	15890
7773	2860
817	2876
817	177
7773	1010
7196	6866
7196	4690
5640	15954
9690	14795
4281	15993
4281	15932
4004	2236
9348	1356
7337	15445
7337	766
7337	7074
388	15905
1265	4580
1447	1343
8969	15093
8637	3603
8637	8901
897	13624
4328	14567
1447	2783
8637	3771
7239	15770
6931	14755
3367	2916
3367	7813
3367	613
3367	5055
3091	5310
3367	2907
138	9830
4022	5040
5400	15914
5331	9618
5331	3012
8171	11060
8171	2281
8171	6438
6048	10651
4770	15888
9522	15945
7100	6796
5976	1250
7100	6464
8171	8877
8171	1670
8171	6059
8171	2695
8171	7217
5970	15826
1300	15844
1300	14620
8313	15958
8313	2459
5347	13534
5347	14894
8933	3512
8325	5711
1097	3746
1097	15695
141	9588
8776	15575
3138	15389
3138	8431
3957	5053
3957	5056
3957	13860
4673	1134
3957	5045
3957	5046
3957	5044
3957	12679
3957	5051
3957	5055
4673	253
3957	5048
3957	7395
3957	174
4673	103
3957	1769
412	5407
412	5672
5332	15673
412	5826
412	6051
1868	1169
4794	15952
4131	15844
4571	15329
4571	11608
4571	15546
4571	2253
8929	15730
9686	10281
9686	15320
9686	15881
9686	15952
9686	14399
1083	7432
4746	15837
4746	15922
4746	15715
6773	15927
2525	4070
2525	3778
1069	15982
4926	644
5126	15982
4801	4198
4801	1216
3490	7055
3490	3910
4022	2773
3340	13049
9637	13166
4022	4616
9637	9470
491	15740
3484	15902
9479	15043
9479	15747
1654	12125
9637	4541
388	12745
5254	6496
5800	5611
3211	5580
4192	3277
1681	1611
2828	5861
2900	2286
2692	11996
5656	811
980	14648
9484	15907
3016	9097
3016	13243
1166	14201
1166	4310
1166	13592
1166	12270
1166	10398
7291	1660
1166	12038
1166	7324
1166	11371
1166	11028
9344	2665
326	15954
3282	15829
326	15663
3282	15905
2115	14880
2115	15569
553	15932
356	15907
635	5467
7433	15895
553	15865
553	15952
8262	6279
7547	8134
5763	655
3854	15934
3854	6578
3854	15888
3854	12168
1564	5337
9270	13915
185	13741
9423	543
7370	15917
8325	4600
8325	15896
9352	15990
2530	4610
6787	3620
3282	15881
6867	4778
84	8064
1164	15745
8449	8548
6225	4613
2465	15718
8251	15953
1478	15949
8251	15896
2586	15795
2586	15840
400	15533
284	8691
4022	15659
2892	4386
4251	6809
7985	1965
4022	2765
1883	15801
1883	15822
354	13313
7214	895
3733	15826
7231	15868
4479	5717
1553	15594
1553	8709
2689	8199
2689	6099
2689	2311
6128	5937
5976	1427
2689	2845
2689	3956
7870	15993
5851	5444
8906	8539
8906	2086
8906	1739
4311	11149
4438	2050
4311	2179
1833	15732
3238	3006
4824	6564
4263	15605
295	4592
3465	5738
8090	15900
5640	15899
466	12570
7851	15979
5379	15865
490	12746
3236	5217
6987	2145
6431	2151
4002	15072
4002	15952
4002	15945
4002	2787
4002	15447
9805	15858
38	13390
2725	15809
6418	7539
246	1529
5637	15872
4909	3044
1237	4167
4745	15806
4745	15881
2671	15404
8031	15320
4882	15334
8349	15288
179	1828
4022	5612
1138	5082
388	9295
388	15867
388	11594
1276	15869
8489	5253
6983	464
3731	15886
6983	15903
3731	14742
6983	2537
8489	15833
2045	6736
7589	15783
814	15917
814	15791
814	9814
814	11903
814	13956
814	14398
814	15870
814	15650
814	6107
8325	5572
2555	195
2555	2997
2555	2723
1406	9404
3288	2081
5328	13159
4909	5005
4909	11072
4909	11927
614	6871
8496	3723
9315	10306
6821	15911
6821	4254
2811	15899
1773	9036
6863	10178
5134	8603
4008	9661
1439	6291
1439	419
2202	974
923	15902
923	6310
923	6314
923	6325
412	13519
3378	606
1932	9578
7603	537
2674	15254
6979	5517
9427	13905
7932	492
8087	14402
4311	13822
6947	9127
3045	2506
9552	14710
489	15982
489	15916
489	2361
382	11756
3112	15881
8349	1017
8526	8132
9563	13951
1069	2883
4641	11786
4641	15950
490	15990
326	14106
4087	9248
6246	15822
4234	12887
4192	1958
38	15940
388	15952
3879	7226
388	15927
1451	15744
1853	2639
2359	4735
3718	16006
395	13925
5366	1168
5366	10377
9683	7736
8325	6307
9683	14946
3485	16010
4316	2090
5086	346
4093	16006
5671	15982
3479	15978
4732	14124
959	2757
240	15845
295	2521
1653	7761
330	4454
330	2068
2019	1793
2019	3870
2781	9240
2614	5891
5355	8986
407	15871
412	15926
412	1976
7252	5655
1060	15534
1060	1076
1206	15937
6979	4799
6931	15650
8302	1817
3756	14402
3151	7028
3872	8319
4789	155
4789	5885
6787	4713
6787	4589
7870	15902
4667	15678
4022	9404
4022	9408
4022	9405
8325	11630
4022	2990
7476	10929
923	11412
923	8962
923	6328
923	6309
3208	15899
1962	12976
8052	13826
4514	2211
2226	7991
7017	5087
3119	5019
8093	16006
2793	12
4632	2451
4632	3309
4202	15974
4202	15788
5355	14259
7659	2491
5734	15938
7752	15973
4022	9036
2246	5981
8325	8446
8045	8868
8045	8824
8045	2575
93	3177
2221	10533
6814	6211
4022	4364
1120	8256
8236	15937
3325	15937
3574	15436
5629	16006
4789	7824
4789	573
4789	5701
4789	7059
4789	2973
4789	1671
4789	7236
4789	7182
4789	9112
4789	10846
7453	15392
7453	3971
412	759
4675	14162
412	9661
8942	1313
8942	5728
8942	5729
8942	279
8942	3490
8942	2299
8942	2330
8942	3917
8942	250
8942	4218
8942	2186
8942	2701
8942	1758
8942	3962
4123	4942
412	6991
2009	9288
7410	1839
8325	8655
1480	1010
7971	15931
6568	14812
8144	15751
2242	15899
5033	9202
5413	1159
5413	1654
4022	2058
9466	15982
8298	15982
3231	13826
632	14432
632	7346
464	4186
8933	2412
4664	8047
6361	9163
6361	15502
6361	15811
6361	13887
6361	15104
6361	5956
6361	6576
6361	8999
6361	3279
6361	13519
6361	2350
6361	3842
8144	8890
1533	15990
8512	14026
162	5702
162	1482
2321	6696
4236	15371
4802	15876
4802	15884
8516	4269
4802	15620
4802	15593
4802	15344
4802	13950
4903	15459
8917	15725
4903	7892
1177	15982
7333	1297
6582	71
8671	4152
8671	1870
6582	7043
7313	5081
3616	7183
6582	1951
7297	4735
716	3635
9552	15982
9305	16010
3896	310
8350	1411
1406	6729
5637	15990
5637	15886
5637	15851
5637	15815
6572	4665
6572	4942
6572	1250
6572	4646
6572	5235
6572	389
6572	7509
6572	6159
6572	7014
6572	5674
6572	6464
5468	949
2510	14695
9049	16006
9049	15843
9049	15483
2783	6449
9637	8902
9339	2188
9339	15847
9095	13684
4721	4245
7177	15593
2142	2644
3685	14641
9188	15836
9188	73
9188	3881
83	2615
4602	15953
8786	2412
2152	9045
4894	836
4788	4120
2045	9618
1698	533
6948	11060
5479	9784
1653	8434
3200	8444
3200	5163
8850	15818
1681	4548
8850	14470
8850	10583
8325	4744
4008	5108
472	14978
181	15577
1052	6155
9270	3100
9270	3153
9483	15869
2434	15826
2434	15881
412	2179
553	5596
553	15950
553	15914
553	3935
2347	740
1232	15902
6867	515
6867	4887
7563	11382
7563	9856
7563	12821
7563	5082
7563	10371
7563	9057
8384	15926
5828	15728
5828	15840
6240	9397
8031	13666
5083	15286
907	141
84	14142
2641	15658
8514	7634
6143	4341
8878	887
8878	7420
9416	15988
2028	15745
2028	15749
4221	574
8052	15707
4097	15988
769	3295
7607	2698
7607	1953
7607	7762
7607	7537
7607	238
7607	10461
7607	2068
7607	10343
7607	8256
4900	10334
553	6305
553	15931
218	2221
614	3347
2043	13296
7563	1124
4784	1284
2940	8350
1069	6002
6017	14102
6677	4568
326	15814
6035	4949
5633	10633
9559	15988
8487	1433
7563	11172
7112	944
3835	15649
3058	8561
5851	1115
5851	6326
5851	5578
5851	4635
4020	13015
8503	16010
7790	15381
4597	9637
4597	3380
5379	15952
795	12265
795	3360
795	13624
795	13860
795	15491
795	15405
795	15201
795	14777
795	103
795	6688
795	6308
4764	13284
7902	5475
6336	14306
2418	15999
3822	15918
4281	15931
4281	1279
3166	5222
3166	13748
3166	7052
3166	5420
3166	8328
3166	5856
3166	5857
3166	12569
3166	13594
3166	13486
1603	523
1603	8823
3129	8852
1848	15950
8003	15964
4389	2784
2156	16010
2689	4118
2689	6809
2882	5289
2882	16036
2783	15406
138	3006
138	15011
5070	15571
5070	15516
5070	15575
1756	7256
3821	5423
1756	15332
1756	6693
8844	9134
7227	6541
9136	15852
3429	13435
9592	3364
9592	3363
9592	2624
9592	3366
9592	3367
8195	15533
3642	4945
2899	15932
9089	16006
1129	15885
8648	5369
1035	2972
7409	10385
6731	15881
8516	8033
4528	4227
4528	3621
4528	6026
4046	15997
4046	15818
2045	10264
576	12732
5349	3181
8931	15393
6876	8008
166	15733
9077	15807
5439	834
9518	15909
3981	3001
3981	2954
853	7849
177	15891
1129	3900
7515	2928
1765	4402
2692	14662
2692	15448
4894	2815
4022	5493
4022	548
4022	13357
9044	3293
4962	775
4881	3598
1379	1761
9183	6074
3975	5094
3196	2404
9154	16010
5017	9596
7275	5326
7275	6800
8543	2756
7283	1094
8543	3782
8543	4099
9228	15864
7131	14931
5478	15928
5476	12732
4479	2593
4479	9321
4479	7621
4479	10212
4479	8894
4479	2894
4479	3453
8516	4360
8374	15785
8449	14429
3206	15296
332	10266
1939	2090
1939	8118
1939	6207
1939	5456
1939	39
1939	1191
1939	4371
1939	3392
1939	1758
1528	15999
5624	13821
2793	2044
4192	10789
4439	9095
3208	15845
5848	15818
829	9099
2250	4526
2250	4641
7316	1818
4019	12732
868	15923
868	5881
868	7299
9237	2263
9237	1852
9237	14129
4764	14871
9237	2406
9237	12605
9237	6009
799	6324
4972	4550
4972	14410
4972	12586
4202	15861
4934	3523
4934	2930
9382	205
469	15964
8525	6028
8248	9472
1512	15884
8352	8213
5785	15793
5785	6520
1816	15443
3535	163
3535	5368
3535	558
3535	10384
491	15780
2301	15993
5796	574
5796	4766
5796	3040
5796	11348
1785	15553
1406	327
1582	2402
1582	1536
1582	5947
3673	10269
1582	915
1512	15878
1582	7976
4842	15990
8345	2381
8345	1441
1810	3668
4681	15980
3405	214
3405	4772
3952	13096
7162	3025
1108	3889
4108	15952
4108	6773
4962	4053
4962	8247
4962	15629
4962	13989
797	14967
7219	15981
9226	15978
8345	538
5733	5994
3854	5386
3191	15741
3191	15846
3191	15734
3019	1702
8691	4023
8691	15401
4941	1177
4941	2914
4941	6708
4941	3561
4941	14713
