3080	9924
3080	8463
2074	14515
2074	14434
3936	13979
9208	14426
2474	13469
9646	3943
9646	13918
9646	9908
8470	13134
2358	5949
9488	11235
8357	11160
228	14536
2981	12327
1899	6028
2652	14347
8999	14394
3398	5826
2930	8962
3923	3708
3923	5609
3923	4997
3923	4822
3923	2128
3383	14426
3383	14442
3383	13333
7064	8218
5108	3871
6565	10392
415	1047
8537	8983
7721	14394
4505	5753
4505	1710
3363	2269
3269	3405
1127	3824
6044	14582
1440	8188
1702	203
1702	372
1702	6765
5722	8969
1727	14426
1727	14542
1684	14530
4774	14712
4764	12974
1047	9490
3104	7192
3975	14522
7742	14370
7081	11480
6110	6818
1896	1771
1896	1233
1896	683
1896	657
1896	1178
1896	11260
1896	3010
3317	7199
395	14345
2960	13839
2960	8813
2960	7075
1899	3468
8081	13743
8081	11291
8081	12988
1616	4889
5048	3329
4678	7650
8428	11830
278	7510
2795	12725
2795	11081
9332	1085
3269	7538
8503	14690
3713	14507
1470	14492
7230	13400
7116	1428
337	14478
6647	13905
6647	12041
4678	5627
2771	8971
629	4288
6475	12590
5815	13373
3110	7402
1812	7009
1795	1230
6166	5955
8399	14646
3472	3708
3472	12010
1484	3119
3865	4023
3865	14434
5945	14555
41	10397
4042	13063
412	1224
5728	6305
5728	8198
2726	6464
4918	2084
4641	14226
4641	14430
4641	14415
4641	14360
8579	5652
6419	1358
1069	13156
4760	3057
1418	8627
7266	12337
6491	14536
8735	14525
3295	95
3295	9535
9402	9491
630	14432
630	7274
630	9017
7807	5592
630	13835
5597	11248
9421	12810
9421	4954
9421	12838
5708	5909
3406	8056
3406	14488
7190	4627
1026	3329
2436	14462
8935	13547
2378	14509
422	14426
3305	13736
8079	8315
8079	699
8079	6541
5636	13152
2808	11526
7278	865
409	7385
8972	3238
2380	14463
1659	670
578	4905
6066	12251
6066	12696
6066	12558
6066	14316
1607	196
3909	2649
6066	14557
5325	13710
412	14549
9571	11698
9571	4563
412	14362
9298	1687
6012	5564
8921	1139
9027	3594
5108	3903
3080	10054
2573	9160
3080	8638
3080	9064
3080	7861
2573	5441
2573	5134
2573	10432
2573	4223
2573	4850
2573	7208
2573	7786
7767	4459
1175	12660
58	3296
5176	11569
5176	14474
3208	2333
2573	11674
1992	3087
7163	2307
7163	2972
7163	2248
7163	1403
7163	1951
7163	1405
7364	7914
7163	2897
3612	12464
3183	1284
5520	11322
5300	4427
553	14510
626	10937
2609	4597
8120	2489
8981	209
920	7633
4633	14445
9275	9948
8369	509
8369	5524
2127	11136
553	4353
8382	4234
3581	5561
5607	5986
9448	13706
1688	1316
58	14252
2919	10287
9115	12536
2919	14173
5769	4553
7595	13107
7595	5954
6931	3295
1300	11488
7954	1956
7089	10302
2648	9620
7377	294
5406	14426
505	14325
8319	4333
5783	14500
5783	14288
5783	10504
5783	14079
5783	13766
5783	13892
5783	9516
5783	4433
5783	13703
1423	1603
4754	1119
3858	4367
8407	14445
4678	7846
6824	14575
4217	931
4217	959
5518	584
6367	8728
7530	14263
7530	7081
9731	14395
8388	5048
8388	5049
8762	14426
1701	10869
1240	11334
1240	8199
9535	9887
4058	8314
7474	13705
9678	14405
9678	12903
5665	14297
948	14671
1682	10045
8552	3965
5252	14180
2400	648
51	12746
4861	1524
396	11338
396	6225
396	2294
396	1163
2666	14555
396	5896
396	5761
396	710
4985	8191
656	8233
337	14194
7642	6019
7151	4859
7151	8616
6798	7668
6798	9742
6798	7752
6798	4347
6798	7758
3104	14543
4472	12629
4472	3309
4167	7644
8796	973
3317	14090
8613	12922
3844	5078
8613	7075
8613	14462
4543	14331
8613	14640
2284	9830
8613	14346
2284	10496
8613	14487
8613	14345
9275	4184
8613	14250
5826	2246
8613	13014
8613	4579
8613	13099
8613	14078
8613	13183
3295	11597
4496	8130
6124	14504
487	8047
9366	5030
7185	1678
7185	307
7185	311
7185	1677
7185	305
7185	314
9464	2107
1727	7402
1727	2991
5647	8730
2283	7394
3270	14347
9252	1626
9252	8901
9252	2434
9252	149
9646	14613
3205	14530
5974	4116
8371	10134
5136	14250
5136	14191
829	10266
2960	5537
2960	12351
2960	13357
2960	4503
2960	10630
2074	14378
8715	3533
8260	9758
8260	13480
6494	420
9668	1725
6993	117
6993	2858
189	521
1975	7834
8963	707
2393	14621
2928	14461
1318	14235
2266	1818
1318	14012
1318	9816
1318	11232
1318	6693
8954	6573
7083	6064
2449	2026
1318	9897
7083	7457
1318	9652
7083	5913
1318	8763
4121	2029
1672	10783
4364	14530
8399	14641
9469	5622
7345	10449
5956	4811
5956	6398
8352	7363
5087	14602
6821	14432
9085	353
3618	14581
2573	1760
2573	4310
2573	2608
2573	5660
5438	14641
5438	14388
8672	14514
4258	6539
5148	10896
8008	3185
2400	2109
9317	13512
3150	8675
4353	5386
9332	11456
9171	5459
9171	10933
9171	8008
9171	6749
9171	9835
9171	12477
9171	3831
6056	13547
6056	13567
9171	12491
9171	12687
9171	10223
9171	2595
9171	3444
9171	10434
7068	14602
1659	4617
1813	7500
1813	12523
448	7646
5109	6119
4076	14461
5491	13798
3933	14474
1606	11534
3383	1569
3418	14419
1006	306
1006	10103
1006	300
1006	303
1006	6552
1006	2718
1006	9309
3192	3345
1006	3863
1006	1860
1006	13573
1006	4869
1006	6724
1006	9227
1006	8013
3144	1169
3785	4971
5766	809
5123	14366
3276	3870
7899	14620
6927	14329
7178	5102
6927	6698
354	3933
354	5328
5936	6386
9378	7526
1320	13456
5031	14356
6161	14622
3092	7613
553	14574
4526	6762
5322	10143
7725	3202
1311	9734
2105	14628
5564	14542
4493	5320
4493	6525
2008	2016
7903	5107
5546	989
8298	14426
2314	14425
3131	1484
5089	11647
1659	7430
1923	14309
4283	3247
9750	13512
9750	10967
9750	2635
9750	6155
9750	903
9750	7389
9750	496
7788	417
9750	3040
9750	3801
9469	3779
6807	1032
8945	14279
6897	1471
5143	14163
2314	14288
561	14504
2218	14461
4133	1197
3395	8096
2965	9262
668	839
6143	5078
6143	6083
4753	9185
7657	4283
7657	3464
4753	2811
7657	6735
7657	2327
7657	8125
4768	834
8145	583
1715	9759
6931	2107
7377	295
9535	14592
301	4251
7310	8777
301	1284
4676	4389
9276	14033
9276	14358
2142	4953
2142	13952
5478	14521
5478	14347
617	14504
342	2084
342	831
5991	3886
5991	12898
5991	11750
5991	11096
5991	859
3080	8070
3080	13539
5853	725
754	9934
7891	1306
8579	5606
9085	3954
5521	14405
1305	2497
1305	793
4737	3394
9405	12749
9405	7296
9405	12668
6078	1095
9585	14396
6204	6528
6204	14148
6204	5426
6204	2938
6204	13504
6204	2420
6204	13827
3150	9057
1155	13934
6810	3376
8240	3782
2949	1833
2949	1836
2949	1834
2949	156
2949	822
2949	6732
4278	14608
2949	2035
2949	6124
5028	8971
8579	6478
4866	13795
1039	14676
8503	14658
6427	14402
6759	11934
6759	5956
8490	14222
6759	5049
6759	3502
8606	14669
3800	14270
7224	14641
7913	2134
8921	1185
8921	153
8921	3245
5702	12986
2573	2140
2573	1244
5922	7066
3993	4652
3993	1490
3993	3590
3993	8847
3993	2216
3993	9118
2794	8971
2938	2146
2938	7005
2649	14327
388	10036
7068	13666
7068	7781
7425	14583
3208	14210
1318	8778
1019	14660
4561	772
4029	1004
4718	5285
9779	7237
6685	5040
5221	6451
2314	14508
8503	14729
2981	14563
2576	7762
2576	2430
1059	2775
540	12152
2483	14325
2388	10497
6985	14660
656	5880
4402	13899
4402	10954
4402	7396
9298	7472
5749	4946
2281	6567
7876	1739
8863	14556
2683	13951
3835	11583
2968	11639
8117	7271
1543	14345
2960	4970
2960	7202
2960	4897
2960	12772
2960	7186
7071	1997
8478	6282
7253	8882
9459	14549
843	823
2112	14581
388	12716
8449	14594
8972	7848
7336	14512
1805	14574
7193	5053
7193	6363
6197	2375
6197	14235
6810	8529
6447	4523
6447	13940
6447	6717
6447	3609
6510	7809
9287	6386
2817	14474
6056	14545
1386	13744
4768	14614
4768	13296
6479	1209
8860	5
322	9948
322	5671
3148	14191
1511	14429
2923	14419
5517	14169
2558	14408
5437	11270
8864	11932
9389	9841
2541	5507
9389	10197
3835	61
4003	6000
9668	1563
2436	7237
7821	428
3080	10018
3080	12618
4641	7231
321	14434
6146	3555
6146	14439
4290	812
5283	7324
9469	2941
5624	2566
1265	9755
1265	14345
3683	14366
1644	5942
7074	63
1551	11068
7810	5761
1551	14626
7135	2174
7135	3842
3608	14395
9274	14315
743	11610
4496	3818
6041	10609
9576	4577
6637	14526
6637	14582
6637	2790
6637	14518
1993	2485
6637	14594
6637	6454
6637	9553
853	5852
853	5021
1507	14515
4589	1215
9700	14660
9700	14712
9700	14525
3718	14402
3718	14535
2057	780
7037	13458
2057	3532
4323	7794
6181	5933
6859	4957
6859	6853
3088	5448
6092	14313
9428	9366
9428	536
3088	4066
9428	2298
9428	5507
4189	13307
9700	7318
9700	10152
9700	14028
9700	5959
9700	14425
9700	7904
1489	14629
6012	1204
6012	193
2912	1460
6012	1793
6012	674
7222	14434
8469	5140
505	6582
1335	14684
9760	14429
5084	9595
6620	10860
3156	14613
9603	14515
5974	2961
5974	2117
8025	10620
666	14544
8611	8240
1042	10857
3404	14671
5863	248
2194	14608
7870	14543
4374	14641
9636	14729
1928	132
1928	10931
9353	655
5607	13333
422	14638
9137	12157
7886	6750
5288	14293
7435	14613
1537	2551
6152	1515
5766	1106
2120	6086
3882	7673
660	11608
4678	14619
4678	9487
6877	2720
1766	4968
1766	5139
1766	9309
1766	4550
1766	12580
1766	5897
1766	10736
1766	8350
1766	7179
1766	3325
1766	13158
1766	13531
1766	7637
1766	8800
1766	7235
1766	7236
1766	9111
1766	9112
1766	10843
1766	7182
9332	1366
2314	14680
9031	6445
4076	2695
4076	9609
4076	862
1766	13473
8840	14664
2463	624
1878	9945
5512	14664
1878	1434
1878	10565
1852	10148
7136	14204
9643	10032
9643	6500
814	14507
814	14660
4933	5160
1841	14659
5138	9743
5974	2415
4617	10068
7680	3606
9627	9044
4918	250
8675	14615
8285	2649
8491	2147
8491	5183
8491	6487
9679	14504
8491	3662
5138	3895
8491	210
5138	2350
8491	6011
8491	8829
9244	12681
656	12665
8491	2831
8491	471
4153	9030
4153	4591
1040	13453
8491	10978
4216	3727
779	4099
5436	2879
5436	1601
2287	6828
1923	6245
9557	6946
5712	10580
2203	14402
5433	14504
3269	5761
3269	8539
5787	14550
7445	11736
3889	4600
6998	3376
6441	9795
5671	14504
2996	14223
3412	5378
553	2406
5311	14695
577	12041
577	1091
5086	13100
8993	14629
7286	6744
1958	14093
7368	13613
4696	14612
4753	5931
4753	1903
4753	5911
4753	1100
4753	3345
4753	8816
4753	2281
4753	2667
4753	9186
6161	14426
4753	2265
4753	5310
8466	14304
909	14195
9345	14148
6513	8838
6513	14126
9345	10840
7474	14551
7642	703
8920	14582
8920	14594
8920	14251
5892	1031
7442	5350
1343	4732
553	14565
3970	1988
329	14695
3998	2251
8920	9703
8920	13368
4133	14695
7007	9182
3975	14642
6810	4433
3300	6952
9482	3526
2218	14607
6086	14550
1443	1686
1443	3426
1443	2345
1443	458
2393	9910
3271	11440
5460	2691
6057	14550
7030	14395
7218	14550
3213	13636
6110	4882
3213	8141
5419	14712
2460	14695
3835	13374
354	5407
6992	3731
7425	14695
9145	11967
8842	14598
4203	14336
4226	14695
1869	6343
478	8341
4580	1229
9759	8347
354	2192
3108	11629
354	2152
3108	5183
354	1920
354	2420
6377	7167
6377	3250
6377	271
8783	10670
5419	14398
3723	14261
6427	8360
5474	369
5474	3870
5474	636
6471	14550
2185	3884
4932	353
8659	6293
4497	14550
590	10820
1318	10672
4985	14212
6931	1681
8557	5395
1318	13164
553	14583
937	14130
2981	4373
5281	14614
558	13557
7392	3238
662	3681
9275	9106
662	10954
5438	13275
4226	6210
3940	2152
818	589
1504	5823
1504	8212
4855	13636
9781	4027
5084	3415
7538	4769
5379	14504
156	4008
9752	4739
8672	14369
657	13937
3957	3376
9289	4922
9447	1851
590	11323
590	9614
590	9615
590	2500
5078	11811
9145	3516
7829	5396
896	14488
5547	8932
3978	14626
8494	9338
8494	8471
3996	4934
7099	9269
3942	12229
4516	14502
4516	4569
5550	12494
6662	564
5901	2202
5410	14536
5410	7330
5410	14065
5410	11569
9819	14684
7224	4482
9564	8551
9564	3837
8990	13060
6336	9870
8990	14447
8990	14420
4493	14526
4493	7079
4493	4117
4493	14522
3401	14502
4493	14398
8870	2510
5933	5401
3620	2188
3620	12475
5084	9650
7427	5823
9696	14471
6494	2361
6826	7950
3975	14520
1223	6464
4258	14261
5275	12611
2149	10460
2149	6135
2149	11346
2149	10421
6850	14462
4376	494
7291	8158
9115	13886
7426	99
7426	14613
7426	4741
3698	11323
3184	14472
5359	13216
1811	6388
6621	6716
899	5887
5084	128
6826	8675
1921	5001
1921	1613
1921	9667
1921	13452
2026	3297
948	14684
6594	14598
9369	12953
9369	11316
5550	3373
5902	3935
2691	14402
4094	2858
8493	14016
626	7699
4986	14083
4986	11505
5022	2923
5358	4904
7151	6413
5358	1503
5084	1613
54	8075
5084	3414
2845	2451
3202	14676
7655	10288
7655	2191
3755	4434
7810	1861
7810	8221
7810	1780
7810	555
7810	4859
4688	12018
6826	2364
8675	14461
6558	1627
4875	3135
2564	14594
2564	14515
2564	14434
207	14638
6988	8783
842	12800
3536	1154
697	1123
4886	12942
125	14536
6722	8228
2480	14621
9122	6326
9122	3626
9122	7328
2156	14712
5435	9432
30	1687
30	474
30	6705
30	488
7785	1403
8428	891
8031	14426
7369	10353
7369	14466
8750	3058
4029	12335
4029	11374
6785	14451
4497	5551
7577	7736
114	2457
114	3243
5138	7133
5138	6155
3993	3971
3993	9286
3993	14526
2400	2515
8225	4911
1337	14550
8870	14152
1607	7621
9298	4428
5386	14571
9696	14644
3678	5844
1577	9871
5308	11019
6131	14169
1577	8390
128	840
2710	14724
4496	4882
2386	14665
5952	5230
5952	1722
985	4409
5288	14550
7396	5760
7396	9819
7396	11842
7396	10264
7396	9347
7396	7536
2041	733
3940	13578
2041	8885
3184	2762
2115	14259
3349	4432
8124	6456
5228	2891
7905	14530
4954	351
7098	13820
8794	14402
6642	14550
206	474
519	8889
519	14305
519	14500
2795	833
519	14583
519	12123
6773	1747
6890	3326
8163	1806
5974	8894
5438	13611
4985	4371
8405	12868
4950	3019
3714	10027
2212	3527
8661	8090
6336	417
1577	5402
1577	2255
1577	6645
959	13296
1577	7779
1577	8931
9146	12754
8315	9703
8315	5764
8315	5037
4098	13945
8315	13956
8315	2814
8315	1761
9242	1145
3276	7691
9242	3038
4585	10685
4667	4241
5986	14646
1190	2831
5986	1753
7085	11316
7085	11405
2052	14432
2052	14712
8591	14695
2609	6305
2960	14310
2960	10973
820	14544
820	14536
820	14464
4301	6798
7296	3271
3088	2337
3088	2368
2319	4341
920	14550
7266	4444
4580	745
4580	878
4580	1362
4580	5345
4580	509
4580	7182
4580	7180
4580	6433
4580	2972
491	14499
491	14304
7164	493
3181	10642
156	2092
6059	11090
9488	13028
6340	3921
7276	7019
3110	292
3925	7434
4094	12979
8552	14284
9753	14536
9229	14349
1362	14449
7422	10414
9374	14495
246	6510
4303	14729
8053	8121
8053	7047
2045	5646
2045	5643
4976	1957
4976	541
4976	1920
6900	6247
5901	1098
7904	5904
5732	13033
1621	10464
1621	14614
8325	14710
7715	10178
7205	8081
440	14347
8665	8400
8665	14475
7777	3149
764	8067
5520	6541
9640	3604
8838	1116
5084	5296
3674	5610
8398	10371
597	4644
310	5599
5187	9035
7516	12693
2142	2990
4860	3410
8833	14614
5010	1584
5010	14328
4331	8109
3208	6204
3208	13013
8739	3725
8739	12490
4110	6376
4110	8396
5728	522
5728	2728
553	410
5728	4521
5840	14541
7578	14673
5937	12813
2802	10287
7935	14695
8158	11596
2584	4426
4868	14598
9469	572
4806	3303
8776	2921
3466	3803
5472	2566
1248	5896
773	9840
3208	13413
3208	14267
9760	14594
6055	1972
6055	8112
638	5070
6931	3663
5798	6016
5816	3116
5816	8731
3652	6059
4155	14504
2786	14507
2786	14388
128	5945
1974	2590
7260	13017
7260	10214
7260	6281
5863	5241
449	14567
8273	4691
8675	14660
5233	14717
3698	9615
5083	14567
8616	14674
4295	8682
5191	13915
7904	4875
7904	7536
8031	2035
8503	14734
3859	14567
2576	1512
343	9146
1395	2499
1395	5086
1395	270
1395	2113
7904	7539
4497	14717
553	14665
490	14311
9352	14670
2644	14327
4527	11063
6468	14648
6235	7676
2259	8749
4947	4025
8427	13999
8427	14072
6171	14648
4817	7436
1240	5880
1240	5879
4988	9198
5660	1812
2959	8999
2959	2010
2959	14136
2959	5222
2959	3115
2959	2311
2959	2948
8870	6785
9785	13820
9006	14729
4514	2560
3524	7533
6931	14717
4189	1739
9463	3329
5624	7762
586	5397
8895	805
7522	14394
2652	14311
5646	14728
102	5206
9649	14648
7309	8876
7986	7397
708	4153
6858	14657
9469	1867
9469	8221
9557	718
270	1300
6751	13041
1928	10162
328	3973
9493	9641
835	4833
2609	5804
832	4063
5986	5697
5986	8616
7826	9920
6452	12626
573	14544
764	14227
7253	4994
9242	2107
7002	5661
6487	13583
8104	14580
9276	3461
9276	12538
9276	10569
9276	8072
9276	8630
9276	8073
9276	8064
764	8002
764	8931
764	6128
764	10369
626	12164
3271	1190
3271	1854
8690	903
510	12462
510	11984
9781	142
9781	6156
8437	3897
3595	10798
1542	14626
2084	1598
3085	371
3085	2281
9387	2085
656	7741
6810	10486
3232	8677
1653	14550
2361	14409
9085	1639
6086	14717
2445	14584
5703	1104
1290	14316
9697	13956
8275	8327
2847	14273
4760	4135
4760	876
4760	2126
4760	14522
8512	6155
9601	14669
6563	6003
7278	9947
8124	9426
1715	10045
1715	12916
4253	9781
4276	1865
5109	6887
2751	534
2809	9842
4771	10440
6329	14628
4617	8727
6329	9017
3088	5555
3088	6981
3433	3393
3088	11923
9482	14579
1715	9331
7266	5690
6947	9359
6947	1831
6947	10302
5936	10789
6252	1832
7291	2421
4166	14550
1343	7141
1343	14625
1343	8900
1343	4634
1343	3091
1343	2065
1343	3720
1343	14364
1343	3865
1343	13494
1343	13992
1343	7020
1343	9277
1343	7353
1343	4674
3318	14548
5826	3333
5826	3001
6549	5298
7904	5969
3534	7458
3534	7413
3534	7414
3534	7470
1073	7408
1073	8257
7903	10271
7957	11531
698	3139
7251	10063
3080	14585
3080	12706
1003	1624
326	5551
2227	14434
2227	14169
1268	11969
5720	4218
5111	9885
7777	4960
8672	14657
1548	14561
8577	3025
8577	7762
5359	14672
7275	14584
4832	205
5640	14182
3436	9000
3436	8999
4331	8091
3080	14780
8250	13878
8325	14528
8250	11057
9734	14275
7601	5400
7601	12627
7483	6075
1007	2422
8192	5577
1542	12751
9781	14659
5927	4474
2307	14415
9781	7070
9600	1837
3079	4220
4635	14089
8935	14615
3321	8411
553	11888
3321	1501
3321	6084
7651	9404
7651	12598
7651	7180
7651	9405
7651	9408
796	3470
5356	2644
5356	9327
3313	14377
553	14550
3122	7539
7688	14665
5356	10206
553	8595
5753	14567
5213	7938
7714	14549
7714	2044
1333	13281
1333	12901
1240	11607
4470	13750
6216	14797
4537	464
5787	14797
8079	11546
3741	14256
1240	8782
1026	11984
2156	14425
5036	5761
5036	5997
5036	7640
5036	6000
5036	8849
5036	7012
5291	1938
2960	7640
553	14625
2691	9068
1616	3973
270	1320
270	1318
270	3462
270	2585
5550	14567
270	3666
6931	7559
7330	14718
7767	5592
5915	11362
7332	6240
4013	14506
5932	4922
4013	14235
8794	14584
269	981
269	14633
2030	10674
6610	50
3150	7914
5974	1041
5513	14525
5513	11019
5513	14432
5513	13992
5513	1283
5513	12767
9285	606
5273	6689
5513	10997
5273	7959
1385	8321
4842	2655
3789	4321
4192	8780
1030	13717
3064	13336
4192	3240
4004	3798
1109	5202
1109	741
1999	5131
1999	6413
1999	1716
1999	13826
1999	2538
1999	9778
8368	14422
2055	14163
6947	8220
5720	5746
9463	12154
4467	2304
4522	14567
5437	12113
6414	5215
920	11429
7733	2511
6109	14757
7934	14638
9469	3236
8399	14685
5479	9267
8897	14638
8318	14062
3080	14786
3080	14781
4844	4903
3899	14472
4779	14368
924	758
924	5018
580	941
1607	2593
3567	12929
768	7657
768	4846
8410	9150
666	10876
2429	10811
2429	9941
2429	10233
2429	13632
1628	6388
5887	6591
5887	6372
7182	12494
7182	3373
1444	14505
5735	690
6946	14598
1431	5392
8377	11966
4791	9335
7155	123
7155	119
7155	10898
8142	4665
4017	7672
7326	14544
9059	1250
883	7753
3192	9238
9275	1503
9275	888
9275	9186
5233	3463
3795	14133
6494	6080
4393	9280
4393	14353
2192	65
8881	13134
3559	14608
5872	369
5764	7087
5764	14213
8413	6478
7369	8860
989	13846
8413	11300
8413	5120
7369	3256
8413	5334
8413	4875
7369	8752
7369	10917
7369	11578
989	13917
8413	5606
7369	7794
301	7762
5612	13368
9781	14710
5732	13381
3790	7097
8675	14665
3790	3984
3790	4838
4280	3175
4649	12997
4649	14458
4649	4259
4649	3589
4649	13826
4649	5787
8503	14765
764	8078
7930	4229
3212	14665
6187	2093
4886	878
6989	5334
6757	2262
3835	638
3835	11575
7651	9111
7651	9112
7651	10846
7651	7182
7651	6482
7651	5229
7651	398
7651	12810
7651	2731
7651	2004
7651	13972
7651	6516
7651	2624
7651	7624
7651	130
7651	3363
7651	3364
7651	2100
7651	2656
7651	3367
7651	12838
7651	2658
7651	2459
4907	14179
5359	14822
5433	5244
1115	6953
6604	4208
6604	5795
4641	14714
490	14822
4641	7012
4641	14602
5800	11966
5191	14770
2040	2268
2040	695
8955	1748
8955	4381
4253	7546
3269	2184
6187	11903
6187	9895
1395	2490
2896	12929
2896	2546
2896	5124
2896	3847
553	7765
980	14744
553	5701
9248	14711
7364	8257
7441	7107
6275	12961
6275	5827
764	9247
9443	9684
553	904
6900	8947
8665	12809
963	6878
963	6354
1158	7293
6398	7967
5766	3123
5766	3347
5766	2188
5766	804
5766	5685
1811	904
3242	12005
3242	14534
3242	4819
6974	13316
8441	14797
4226	10486
4485	6809
553	14717
4369	14252
67	14765
6826	14406
8214	13833
8354	11585
7919	14770
5213	9487
9154	3482
4649	9729
8118	4815
8118	10978
7278	14020
1548	14580
3854	14299
278	11725
3854	13581
3854	7020
3854	353
1512	3427
1512	12634
8973	4057
1512	9172
1512	3183
7971	5110
2636	7239
5936	321
1512	46
1512	13716
1512	3342
1512	651
1512	2675
1512	13516
6685	14728
558	754
7056	14770
3909	13761
764	13481
5732	14219
4932	5510
553	5009
7309	2740
7309	1865
7982	13611
7982	9195
8687	14824
8687	14552
4644	7299
4644	6422
4644	2757
3457	14670
4644	12936
4644	13963
4644	13422
8110	7266
8110	14754
1512	1363
1512	1361
1512	9807
1512	14293
1512	7657
1512	12792
1512	6180
1512	13558
1512	11730
1512	13956
1512	14286
6037	14432
8436	11021
5328	10246
958	14180
9157	6479
9579	14399
697	14744
697	14501
1122	14679
6947	2907
3698	13966
4890	14711
1817	14625
9173	14798
9173	6785
9173	14353
9173	14289
4741	14648
8496	10920
8496	14685
2393	14748
2393	14685
8796	5230
1240	12351
1240	14448
7081	4730
9427	12994
854	14765
1417	3095
5304	14632
670	9104
670	8179
2985	14200
3363	714
7274	4500
9469	6630
1870	12308
9059	6541
9059	3242
9059	4774
7836	1901
9059	1636
9059	3153
9059	10178
842	6904
9059	2707
5070	9817
1240	11586
9244	14657
8209	14399
8416	9460
829	8875
6931	9240
5861	5769
4331	12440
9351	719
5892	1912
6747	10400
3208	14717
7967	7644
4904	12587
4904	10134
2842	14718
5108	3772
4004	10927
5951	6511
7041	14503
4829	13765
5419	14685
3223	13186
3223	14471
3223	2914
1240	8201
8919	4228
7890	3424
2432	5990
2432	5995
2432	14148
57	14680
1510	5787
1072	2956
1072	740
1072	4858
8087	14765
5983	6154
184	6866
3251	10296
7237	14519
7237	9676
4443	2520
4443	3470
8838	8115
6735	14713
3485	14765
6931	9362
8212	3758
8212	5706
8212	5705
8212	12236
8212	4545
3978	14343
5505	3050
2314	14711
4356	14510
8038	10915
1111	10249
1111	6179
9222	10031
9176	3875
8407	14583
7041	14378
2130	14810
5480	14591
5013	1379
2373	14728
8216	9589
47	12192
47	6062
47	1427
47	7996
4320	13589
4320	14717
4320	14657
47	9457
8416	14635
7116	1422
660	13249
626	12887
1298	1916
1298	198
1039	14770
1298	347
1298	1782
6218	14683
6218	14638
553	7882
553	14797
972	14621
6945	3441
6945	5839
6945	8144
6945	1029
6945	8434
7790	12954
6945	12792
6945	7541
6945	7537
6945	7534
6945	7825
6945	4445
6945	8164
6945	1128
6945	1048
6945	6643
6945	10624
6945	8457
6945	5912
6945	6540
6945	642
6945	4796
6945	13357
6945	8325
6945	8323
6945	8324
6945	6713
6945	8321
6500	8929
6152	1175
4228	7535
9357	4391
1328	5202
6945	5469
5866	13741
4197	10650
4366	6682
1477	8723
4366	11966
8503	13143
1960	14806
5527	14230
3452	10125
4816	8484
2393	14649
4816	14717
5196	12634
4816	1123
5196	3408
440	14577
4816	13862
2319	10790
4816	7672
640	5840
640	3895
640	14085
640	6871
6221	9843
8038	2196
5544	14554
9646	14796
1510	7827
6109	9110
553	2660
7425	14796
553	14602
1817	4524
9396	14673
9208	14666
3707	1416
6767	2847
2684	14757
921	13957
921	13377
921	6959
5712	14659
921	13136
921	10733
921	10313
696	10246
696	8110
696	5864
3078	9057
8122	8262
8552	13134
9352	14797
1019	6900
2026	13282
2026	14310
7042	14718
4058	11790
4932	3136
4733	3984
5158	5822
7309	3849
6551	14777
9059	8896
4061	14594
1684	9813
8449	14629
696	9684
7277	4838
3223	14716
7196	1177
7196	6000
2620	10593
4192	14683
4454	3757
207	14796
7274	990
7601	14599
9012	6030
4602	14683
5768	14808
5986	1653
5986	14685
1760	481
1760	8266
8465	9240
8465	11031
3976	11613
952	14471
4703	11235
4703	14727
2519	13996
9226	14822
6324	7777
8548	14733
4827	14536
6990	398
6990	1582
1478	1704
1478	8830
1478	8130
3249	14290
7622	3287
8007	14777
9169	14685
2476	11405
2476	11316
9161	7641
4094	2109
4632	2484
3092	6490
1921	10427
3123	1586
3123	9001
879	12236
4531	14797
5179	14683
1876	13807
9303	14553
9303	14554
9303	13245
9782	14221
9782	14685
9782	14072
9782	6096
620	14145
5440	13001
7438	11613
6826	5863
6330	11613
8819	5757
6324	1106
4771	12982
2480	11661
6809	14579
2928	14288
6371	2635
2015	13292
7181	4314
8908	14592
8908	13891
5183	899
1366	6130
7986	9860
7618	2080
7618	2079
3992	2435
3992	14179
5238	14434
4527	12680
5598	5599
2965	9834
2965	8702
5641	8233
532	14464
532	6008
6260	14261
520	6935
1972	2707
520	14581
8675	14696
353	4063
883	3157
3569	3800
100	14484
100	13358
8915	1209
8915	4256
1076	9184
431	14683
4050	9783
4050	13553
4050	6846
4050	610
4050	5685
4050	6684
4050	346
4050	7904
4050	5444
4050	6768
4050	6607
4050	6580
4050	4376
4050	4386
4050	7387
4050	8101
4050	5142
1080	7894
1080	1195
4050	3131
4050	846
4050	1447
7349	12528
4050	2340
4050	1593
4050	362
4050	4604
4050	3358
4050	3637
4050	2065
4050	4488
4050	630
4050	2489
4133	14591
5438	14432
3340	14590
6720	952
7224	2280
3957	4774
2887	9175
2887	1034
278	7335
1756	10480
1756	12162
1756	2247
1756	4184
1756	9
7381	10311
7062	14683
4050	2107
4050	1777
4050	1558
4050	4971
4050	5003
4050	2937
4050	793
4050	2846
4050	800
4050	6928
4050	7173
4050	2899
4050	6569
5302	14792
553	14770
1912	4748
1912	4745
1912	4730
1912	4744
1912	4743
7276	1856
5733	14649
553	7101
8794	14239
8173	14729
213	13927
8309	14419
6702	9285
8514	14621
4089	13650
9173	14590
3460	14381
3460	14625
3460	14641
4589	5084
849	7235
849	8757
7477	11213
2892	13215
9351	6918
9351	6853
982	4025
7030	14546
1794	4833
6264	14713
6264	9902
6264	13866
6264	3808
4763	14578
3436	6938
3436	4233
6754	14426
5083	1363
3975	14656
9173	2490
7904	6140
7904	335
7904	5492
7904	6842
8148	2796
4467	5163
4467	11753
4467	13552
4467	883
4467	4832
4467	5998
4467	6853
2431	10854
6715	14550
4133	6624
2434	13925
3196	380
2434	13429
2434	13573
2434	13790
2434	13205
2434	12965
2434	11477
2434	11199
2434	11137
2434	11069
2434	6892
2434	11584
2434	9014
2434	11429
2434	10942
2434	10955
2434	10058
2434	10509
2434	10989
2684	14327
1960	14793
6468	14661
9636	14765
9636	9167
6297	13079
7890	1241
7890	3472
9781	7333
5460	12489
5460	8512
558	4772
7598	4449
7598	8414
7598	11670
3119	9331
3119	3823
1935	10281
1537	12979
7714	3343
3213	2716
3213	4845
3213	1897
3213	2860
3213	11081
3213	14388
671	8904
1019	14196
6324	1514
8231	5162
2478	14257
2478	14474
2478	7067
2478	5579
1937	7142
1937	7290
1937	3011
1937	14547
1937	6029
1937	9347
1937	12616
1937	7588
1937	3095
1937	5078
4794	14696
9248	1852
3110	13453
7266	4472
5597	14665
5379	14487
9182	13594
309	14565
7421	12868
9248	6531
9248	284
8299	11078
3141	7958
8299	12490
3141	3995
5474	8881
5474	8846
8935	14020
5359	14694
7598	4148
8983	14732
3975	8548
3208	14651
4226	14647
4071	13968
1073	6803
4472	12792
2393	14202
4472	7762
5917	14729
4454	3419
821	7284
5665	13926
624	14495
331	14666
1467	7819
4565	11742
4565	10563
4565	5213
4565	12532
5379	14583
5379	14426
1458	5987
3640	14694
3640	6853
5937	4344
8068	14426
6726	13369
6200	8459
2915	2841
1599	14683
1073	11327
6378	10879
3877	222
8974	8307
8974	12199
8974	12487
8974	10036
8974	13585
8974	3438
553	14728
8974	471
825	8968
825	9819
825	6741
825	14540
825	14125
1621	14683
1941	14703
2904	12735
56	3407
56	3405
5902	4372
1520	5237
1520	2256
1520	5312
1520	4725
5615	824
5615	3855
5615	4476
5615	7089
5615	1749
5902	12792
5615	6866
5615	5603
5615	14077
5615	13980
5615	815
5615	7640
5902	6981
5615	2990
5902	3049
5902	4995
5902	831
5902	5045
1111	14553
1111	14554
9285	4103
9659	3326
639	11330
5558	2551
1201	13388
2885	14766
1145	7122
1145	3076
1145	7061
1145	5996
2171	13248
3766	4905
6830	1474
6830	1653
9369	12004
3080	14821
3080	14888
1246	14792
553	14683
8981	12785
8981	8403
3004	5997
3004	5885
4918	712
7274	8447
7566	1543
7566	6668
2308	11617
7098	13884
8537	9633
4226	7657
2074	14594
2074	14656
3092	4915
829	7138
7253	1600
7335	9415
6261	13311
8810	13519
5771	1029
8448	14797
8448	14665
8448	14356
6628	9331
7787	14496
2743	5643
2743	6160
5203	7791
3910	14421
6540	14683
1407	14607
6032	7213
9303	14133
7081	2786
5221	14609
5221	11571
2608	9381
2608	8703
2608	5546
2608	9380
2608	6427
2608	10007
2608	27
2608	11804
2608	8873
1094	14755
4696	14524
1841	14767
4855	2467
2960	3217
2960	9745
2960	3761
2960	14635
1785	14839
1477	4918
7038	14836
9579	14767
6238	8171
5615	801
9675	2401
2981	10177
335	8896
335	878
335	5020
335	758
335	13594
335	5018
335	11750
335	880
335	1704
7646	8585
710	10270
6351	14418
2446	14629
1296	8115
7725	162
9324	1204
7725	5791
5724	2697
9303	14573
8378	3573
1187	14648
4527	14231
5873	14583
798	1354
3859	14839
4758	4184
4649	9709
4649	13392
4649	12442
4649	7779
5037	10455
2319	1735
5056	14469
5056	2510
5056	12129
8184	14767
3975	12958
1940	14041
3842	14836
4117	14674
3970	11024
626	14154
6160	14633
8267	933
6755	14316
5143	14521
9599	5789
518	4493
518	3670
4670	14365
4670	14300
4670	9193
4670	13032
4496	9866
2043	9185
4427	14566
2480	3362
6773	14810
4884	1544
4884	6060
4226	14127
6867	339
351	14797
1960	14553
1712	10427
117	1234
2281	3720
2281	2355
3004	2660
2386	14767
1703	14839
2414	8084
6801	14552
6801	14419
6801	11431
6801	50
6801	14320
6801	5713
6801	1352
6801	10834
6801	54
6801	13644
4117	3419
8349	14572
56	4624
56	4548
56	4612
56	5488
56	5479
56	4490
56	5487
56	6305
56	319
1548	14535
3110	14839
337	14645
3775	1967
8750	5574
8750	6815
9433	3823
3088	8026
1594	14666
3900	9433
8592	12910
5321	8465
3977	328
2029	5006
4739	14777
9469	579
9252	4029
6554	13121
4548	4607
4548	2501
4548	3717
4548	1653
4548	2831
4548	159
4548	1220
4548	3307
4548	1525
8794	14553
2665	12499
7339	4831
3696	14639
6888	14653
6895	4845
3184	9707
263	14795
414	14831
4734	14839
8796	3935
6152	1734
5111	176
5111	908
626	14142
6649	14550
3849	13716
1072	8186
1072	13307
1072	3926
1072	4859
1072	371
1337	14683
2489	12414
1703	14697
6642	6173
8038	14713
8038	865
1949	4709
9075	1343
2743	12191
890	4288
7066	14797
4967	14767
360	12035
360	13171
3425	8088
6563	2285
2015	242
2854	14605
4326	622
4326	7218
4832	44
3306	9312
441	4978
3306	2949
3245	14622
3245	14543
3245	14536
3245	14694
7598	543
1877	4658
660	7681
6538	9634
4932	8971
4932	1444
4932	480
337	14449
3324	14794
842	14660
9464	8445
9558	13186
7274	140
8459	14089
8459	12955
4242	5383
2928	14839
6549	2720
7397	14656
1960	14647
3341	6083
7237	14566
9242	6705
1666	3451
607	917
553	6641
5814	7402
5814	6853
5814	3491
5814	2350
5814	1833
5814	3007
5814	1200
5814	6020
5814	8146
5814	14710
5814	8902
5814	7542
5814	1814
5814	3645
1171	9301
2393	14355
2517	1454
2127	14839
8490	3395
671	3613
671	8890
671	6322
671	1252
671	6048
671	3962
9702	14694
9702	3860
5435	14810
6064	12177
3569	8221
3569	613
5067	7570
5067	6981
4453	5075
4324	807
7890	13846
7890	7791
9214	14503
6238	7690
7615	14621
5826	3348
7886	7755
1431	10773
9222	11815
9222	14705
1076	5149
3012	407
7274	8195
6285	7773
276	14487
2283	13845
3405	14629
5932	9745
3405	14267
3405	262
3405	14492
5796	10212
3405	14536
5796	5610
6338	14572
6152	2062
2157	14510
166	10763
166	3048
166	2941
166	2567
9187	2016
553	14792
7052	5023
3400	13820
1463	12522
3128	14304
660	14402
660	13245
322	13607
932	13353
6256	938
2171	2817
187	1777
2026	14267
973	14655
8099	2084
8099	12083
8099	8050
8099	5763
980	14731
4519	14591
7569	12792
696	11721
2981	11913
696	8232
696	9246
696	7936
696	6752
696	9365
696	8907
4736	13414
696	5120
696	10351
696	5772
696	8041
696	5627
7879	4664
696	7827
696	9487
696	8098
1315	5391
1315	12665
4828	13178
2252	14685
4754	3645
8950	1137
4985	13796
4754	3603
5369	2473
8087	14633
3770	14839
5580	10218
7425	14763
2125	2164
7183	14712
6998	2988
1841	14740
6560	141
6275	14317
3003	14770
4890	14769
7115	14213
6022	5461
9740	14902
697	14740
310	6387
515	9811
5024	12796
5024	14697
703	14731
4192	6865
5641	8201
1316	14649
2284	14695
2307	8563
326	13639
9504	9750
3288	2287
8783	14154
8783	9852
8242	14432
8912	14652
2686	14842
8503	14789
1286	6123
1286	1870
1286	3123
1286	5226
1286	795
547	14492
547	6276
5796	7600
240	14738
5564	14683
3439	6683
3218	13613
223	14766
5352	12936
8954	14091
7219	8988
4760	12889
8954	6583
8954	7138
6244	14552
6810	6287
1548	14842
9557	2627
1336	14718
1336	14428
8686	9087
3410	2259
6128	4066
4133	14828
9142	10146
5466	11515
1296	3149
5466	7577
3975	12986
1296	6086
2266	13558
5829	14633
9180	7362
8963	973
7000	12963
2959	4469
2959	4572
1395	286
7059	12631
6161	14697
6126	13324
2060	9848
100	12306
100	9930
8262	14797
3899	14402
2847	14768
4278	14852
3283	2449
2634	7642
637	971
4778	14373
1017	6739
4726	14087
4726	13979
9101	136
9101	135
626	8520
7231	14567
5934	6348
7075	14836
7075	14399
156	2346
2318	11019
1316	14784
810	6360
3245	7577
7438	14790
2026	7688
2629	11613
7502	3620
4992	9113
4647	14213
8831	4059
4324	2644
1026	3198
1275	14772
8681	6803
617	4127
1581	10590
8156	1668
5462	7221
5462	4874
7994	6227
4549	9188
8893	4960
5462	8647
779	9374
2347	13236
1242	13692
7263	14685
456	12010
456	11935
3745	14708
5986	478
7716	2858
764	5900
6817	9254
553	7180
9379	7918
5861	14127
553	1537
3631	14614
9640	6020
995	14713
995	5456
5910	14827
1707	7844
6532	11236
6532	14114
2050	14400
2382	6230
7260	4719
7855	13395
7855	8669
7855	14889
2227	6303
8195	9815
8195	9374
8195	6522
8195	6543
2838	12906
73	8194
959	10266
959	1251
3106	3989
1414	2114
4590	8298
4559	14144
6709	9037
985	9836
6561	7193
7827	2811
3766	6481
3766	7503
8076	14839
1520	2264
1520	2743
1520	9061
916	472
7288	9783
764	7814
6817	14767
3181	3479
7879	365
7879	6011
7879	6227
7879	6218
7879	11801
6037	14098
9415	14741
4641	14728
2480	11058
9160	14777
4121	14495
8466	14523
5359	13454
4289	14819
2112	12145
1921	7876
6859	6809
2922	4687
6786	12697
6786	5660
7598	14775
2206	13844
8961	1225
3462	5179
3462	3450
7972	13755
7994	6219
5580	6199
8514	111
3975	14769
7785	13362
7388	12517
9394	14683
8783	9491
26	14071
4695	1866
4695	2415
7296	4795
7296	9592
8675	14850
5901	13357
4356	2558
9303	13015
8503	14677
5705	7589
9214	14074
3582	11257
5887	12599
9380	14399
4493	8414
4493	8866
4493	10212
4493	7464
4493	8847
4493	8882
4493	14713
5826	763
6160	14677
6471	14817
6385	2696
2880	14426
2880	8811
2880	410
875	13737
1563	14403
2927	14669
2927	14504
875	11781
875	6504
875	3149
875	2100
875	11133
5015	1258
246	14679
5961	12607
6386	11506
9646	11613
8184	14817
4038	5967
9347	6543
4196	13821
87	14482
87	14458
586	4395
7332	14419
1446	9240
4010	14521
1361	14518
1361	12407
1361	14582
1361	14169
3257	1246
1361	4620
5646	3047
5705	9036
9160	14485
9160	14483
2860	10518
3163	8138
3858	14839
7082	10392
6403	6464
2887	4136
2887	4014
2887	2643
7081	14206
1278	14677
1548	14792
1548	14848
2456	14267
2946	2401
3352	7031
7870	4041
7870	14311
7870	12536
5552	11759
5552	14582
3785	4785
3785	2476
3785	13166
28	14495
3608	14846
6305	7044
4029	1201
5910	14846
8686	14228
6424	5298
6685	14683
6063	14677
5172	13900
982	12324
2480	1858
8090	14535
8405	3594
1961	9240
5932	13061
5932	14571
1771	14839
307	14089
883	2575
883	8880
883	2716
883	2170
3304	1928
3304	8892
3304	14770
1961	2361
4886	14304
7827	2667
3996	2414
5670	8944
2808	6138
7726	12002
2723	2508
4226	14191
532	1468
8735	14685
8677	14839
4861	9102
8354	7044
448	6146
448	11189
1019	7218
1548	9679
3488	8810
4895	14316
3975	9048
9309	14714
5846	7961
5846	100
1923	14633
9731	14633
1840	14717
2811	14647
2294	2361
412	14839
8907	10749
8907	10007
8907	7498
4817	5483
4526	4177
7157	12685
7157	8259
7157	6590
5221	9905
9373	13728
4927	2817
6774	13701
6774	5666
6774	8846
6774	13852
6774	9486
6774	7286
6774	10867
6774	13820
6774	7978
6774	780
412	14794
2044	14793
9303	14024
617	14426
8285	5469
8087	14636
2198	7314
553	14856
4203	14556
4203	3342
1278	14687
553	8826
8007	14810
5280	9118
310	3479
1548	14768
1548	14839
9303	9920
3912	8852
4924	3005
3877	11102
3877	9903
9648	6296
8232	1317
326	6624
9298	3842
5564	5954
6774	8434
6774	7542
6774	10347
6774	14159
6774	12276
6774	9483
843	321
6774	758
5564	5953
843	319
6774	6819
6774	998
6774	1568
6774	161
843	320
843	2916
8612	9323
1019	14072
5438	13183
9535	6374
5438	14477
412	14652
8443	11415
1931	14659
4932	4416
1712	5643
1712	5642
1218	11508
1218	14510
1930	7386
7535	3735
9157	5493
9145	10566
5729	8850
5729	7757
5729	4867
5729	13333
5729	6447
8078	14770
8617	14259
1316	14853
1376	14697
1376	14622
4832	4298
5973	14765
4437	13340
4641	14805
4641	14596
4641	14674
4641	399
4641	14679
9103	9240
8675	14610
4888	14817
2000	14749
4932	2749
1626	14917
8085	3084
1841	14917
3211	14802
8085	3270
8085	4086
8085	8497
8085	17
8085	4370
1722	14581
1722	14810
1412	7765
883	7621
2196	9287
9165	3821
4322	4402
3415	8450
3415	9749
3415	11639
4602	14917
8797	12162
3485	14954
6974	14809
1412	4455
5438	14777
6037	14684
3578	14465
3578	11081
3578	2566
3578	4153
3578	13494
3578	3310
933	14803
5149	1277
3578	7044
1046	14208
2282	6870
2282	2399
2282	2420
3462	2157
3462	6721
3462	8747
3462	5200
3462	7227
3462	4918
6193	14656
5958	12673
5958	2617
5958	13865
5958	5341
15	14804
5368	14398
8739	13296
9152	14713
6403	5761
4197	1429
1302	14580
3871	14884
4497	14917
1337	14869
6086	14804
7175	13811
4938	5486
2257	14575
9495	12555
270	3604
270	8284
270	262
270	2875
6312	14884
465	3003
5780	76
6445	6760
7369	10683
9819	6124
3840	552
5438	5383
8081	10928
5083	525
4484	14839
4858	14402
2170	8489
2170	14816
2170	14510
3866	14396
9353	7123
6720	933
4855	6421
4192	12367
2410	13393
4147	1614
354	7793
7381	2472
7381	2335
7381	11293
1751	14748
8399	14803
1751	9265
7651	2657
7651	2655
1380	466
2959	10455
9075	8866
9075	7009
9734	14843
6402	12903
6402	14226
6402	4271
9410	12301
7620	14848
4753	8115
3026	14917
7827	1100
143	2977
6601	9665
5803	11066
5803	5327
5803	826
5803	166
5803	3371
6711	4414
6904	9909
1365	7598
1013	7186
6711	13882
8840	9600
8840	10902
8840	7192
8840	7892
8840	13356
1318	14399
6773	14742
2528	7690
2528	5194
2528	4319
412	8457
5165	762
5165	14502
8672	14708
3569	13027
3569	7209
1358	14567
1358	14741
883	12748
8849	14917
7068	14917
1030	14770
2742	1928
4337	14697
4188	14582
4188	12407
7151	1969
4055	9382
6684	14293
6684	1473
6684	13410
6078	6303
8137	3766
9207	14539
4589	2533
280	14765
6401	9494
9702	7987
9702	9000
5275	5616
5015	238
7725	1151
5048	3603
3076	14737
4011	14344
4097	14917
4097	12141
3901	12916
4097	14219
9561	1618
1318	14784
9411	14683
2393	14803
1318	4768
2393	2219
553	14767
8244	3942
553	14917
6601	1397
3975	10682
8656	6709
2741	14846
175	14741
175	3881
175	2422
175	14179
5658	7012
5336	8088
1468	5778
948	14917
8298	14817
2981	14914
6521	14917
8298	11990
5766	4602
9760	14729
2981	14807
1276	14836
6538	14085
2981	9677
5901	13806
6522	4204
6522	4570
6301	14506
2051	14544
6301	2381
4467	4693
4467	5805
4467	5617
6601	7189
6601	7599
2861	2354
553	3119
6605	14652
6024	5084
2281	1112
6024	655
2281	2221
2281	9272
2281	7281
2281	14917
2281	9405
2281	2873
94	12253
8269	14668
2294	10343
4038	11476
1871	14042
1871	3208
1871	7895
1871	1206
1871	4240
1871	5157
1871	5185
1871	539
1871	2389
1871	4
1871	3672
5438	12659
5922	2698
1497	3358
1497	11843
3317	12253
3317	6530
9646	14830
6877	951
206	9240
3301	5689
3301	9830
1027	14884
5826	3765
3924	10883
9679	14311
2702	11750
213	14787
8868	12558
8868	14316
8868	14425
8868	10760
8868	5184
8868	14167
8883	11537
3560	2571
6642	3170
1618	363
5002	10347
1240	13213
6200	10016
9224	4560
5787	14915
5746	5746
7810	7236
8267	14803
1286	667
2904	14796
2904	14777
2904	14694
2904	9962
2475	13763
1429	14917
1429	14694
8579	180
8579	9707
5964	11391
7502	4308
2480	14748
2480	14471
5630	14917
5046	792
7551	3957
41	1047
6965	14554
5221	14510
5037	2674
5037	13357
5438	14748
9420	4116
9420	10992
9420	984
9420	2831
2015	9300
5733	14803
1821	14820
2432	7774
1158	14839
8101	14731
1572	14884
5438	14507
1639	6893
4017	9458
4017	70
2757	14726
4654	1744
4654	1799
6772	14701
6191	14917
8675	14839
6504	7830
7068	14928
3608	14840
4213	3652
6256	768
6256	1859
6256	1680
6256	8702
6256	7776
6826	7543
2214	14825
307	2050
307	12723
6256	2083
2954	1324
5989	14691
5321	7106
3424	14917
5445	8925
7794	3808
723	13696
3721	13889
1928	10093
3455	2610
4905	14738
972	14693
2393	8427
2686	14840
6691	7979
6284	775
7425	14915
6691	1710
6691	14861
6691	1543
6691	13939
6691	4737
6691	14772
6691	6804
6691	14685
6691	831
6691	7176
5954	8554
9518	14864
9518	14944
5641	8033
7263	14823
9332	14399
3208	14944
4753	3969
3208	14697
5187	947
6931	14944
949	10288
949	459
949	14223
94	8267
94	12790
3716	13710
7897	2761
910	1160
9097	4792
2015	13783
9820	14683
9820	6624
9820	14216
9820	11596
9820	14384
9820	10271
4519	14633
329	14865
5787	14847
3975	13520
3208	14048
8457	7281
3208	14629
5015	8862
2134	2818
3976	5953
2743	8711
7033	14870
67	14677
5964	806
2929	14922
3197	4659
3197	4469
3197	10178
8579	13245
8915	4262
8915	2029
8915	14697
6130	12177
5515	3913
5515	4417
5515	3872
5515	3906
5515	5364
5515	5300
5515	3268
5515	11801
5515	1133
5515	9244
5515	3285
5515	4891
5515	6460
5515	1008
5515	6283
5515	1737
5515	3548
5515	6375
5515	5419
5515	4519
5515	5726
5515	2487
5515	7777
5515	4110
5515	5733
5515	4000
5515	4282
5515	1775
5515	10215
5515	1735
5515	6295
5515	4156
5515	8542
5515	3650
5515	3035
4736	1303
4736	1298
4736	1299
4736	1300
4900	4529
275	14683
7127	14697
412	14823
6402	7180
6402	11692
5964	5018
1164	326
1164	10266
1164	8739
5914	5618
5914	2498
5914	5145
5914	2438
5914	1341
5914	951
1164	3641
1164	1833
1164	328
1164	11136
1468	1496
7520	14793
1468	3430
2811	13083
5449	280
4380	10062
5104	11456
2259	14581
5104	9215
5104	14279
5104	14300
5104	13813
5104	12475
7778	820
7778	4715
3198	6179
3922	10806
3922	1427
7505	14102
1072	13987
1072	188
1072	4857
6002	14407
6002	11884
4354	12133
2873	280
2873	2327
4602	14928
3845	10427
6390	14747
3845	14884
3845	9781
3845	7999
6434	3323
3845	2435
3845	13425
1440	12715
1937	8711
922	10731
1937	14757
1937	7555
1937	7561
1937	14133
1937	8710
73	14803
4473	14910
4473	14877
5987	6895
1027	14475
4836	888
4836	10578
28	14887
563	14810
563	14845
2393	6505
2487	5983
2487	9487
8537	9680
4331	4897
8859	14840
2833	729
9228	14803
8397	14954
6773	14856
1960	14886
5359	14885
2301	14056
7311	1163
8997	7624
1810	2634
8701	5971
2774	1078
8378	3724
538	14901
8378	2974
8378	185
8378	3668
8378	3740
8378	1926
4324	804
4324	9116
4324	970
9165	5405
4324	1733
1404	11685
4324	809
1404	14679
9298	13473
5607	14741
9405	6633
1073	13491
1073	14795
6506	6971
6810	13153
1346	311
3208	14949
4497	14277
8717	9258
1468	662
8017	14652
586	13027
1805	14674
5849	939
9154	3916
2044	14317
3088	3912
5508	5383
8968	14919
2778	6515
1961	5027
6662	660
6662	3917
2336	11193
8675	14917
1475	14570
5379	8496
5379	14683
5379	14767
3901	1610
3901	360
3901	13500
3901	8911
3901	13351
3901	9331
3901	7602
3901	9173
2954	13956
5109	14832
7778	6034
7778	9704
8021	14220
8021	4200
8021	1202
6998	632
1961	2652
6166	14870
9364	14917
553	3735
9331	10051
1073	7275
399	8599
553	14869
4924	3002
3976	5954
8200	14426
4010	14917
5302	14917
100	8557
3976	14753
9823	7762
2259	14792
8459	1685
1507	14429
73	14646
73	11130
73	10176
6703	997
5299	4024
8436	14150
8503	14964
553	14803
95	14922
980	14863
1712	12807
9063	768
9180	3195
2192	2340
553	5669
553	14918
9669	14810
4698	6467
4698	8663
2090	4705
6503	10031
5646	5056
4331	14922
3773	14770
3773	14399
6012	8220
65	5753
5607	13069
3090	47
95	14283
3899	2964
1769	14524
9618	2915
1475	8689
1475	1928
7218	14917
1269	3807
7651	1924
9380	6530
1278	14810
2941	11360
437	14288
574	13568
7367	14794
7367	14839
5905	14846
9045	14697
9045	14247
9248	14964
4616	13084
8503	14981
5442	6823
7031	14734
2631	14679
4703	14789
9696	14929
2052	14625
2052	14685
2052	14072
8803	2489
8326	8516
7727	9921
8326	14075
7727	10170
3242	2342
7278	627
8326	1023
9077	14694
351	14665
1246	14846
1246	14917
1246	14683
9290	8903
9290	4845
9290	13586
9290	247
9290	1881
9290	3254
9290	3805
9290	2346
9290	363
9290	1653
9290	2453
9290	2707
7900	12513
7900	14799
7505	3418
6082	14516
6082	10860
6082	4780
6082	10353
6082	14507
6082	14641
6082	14028
6082	14395
6082	14466
3745	14881
3745	14840
3214	343
7759	4599
1666	4069
2065	14929
2537	6595
2537	9253
3970	14918
6617	14933
4473	11774
4473	14685
4473	14865
4029	6306
6152	12678
8399	14857
3485	14815
7648	13658
7648	14594
7648	14515
7648	13428
7648	14005
7648	5171
7648	14434
7648	14713
1515	14803
1515	3448
5615	7534
1515	1408
6197	14770
77	5143
6030	14456
2377	14267
553	14910
7248	12822
3180	5687
6691	14820
5670	13983
656	14568
659	2305
2887	62
310	9483
656	6999
5814	4163
5814	8780
755	14710
3420	655
4167	2293
9387	2100
8928	14883
384	9405
8268	5373
7295	6516
7295	6853
7545	10989
4698	9742
7545	6292
7194	14689
6659	6014
9519	14191
5511	14917
5771	9300
5771	14474
8616	14915
1073	14793
1073	11828
1512	546
1468	5779
3757	12032
3757	14712
3757	12562
3757	13314
656	12327
4698	198
2227	9944
2227	2841
2227	14718
1468	391
819	14627
819	13899
819	8648
5632	11448
5632	10207
2426	6585
2759	4495
4283	2746
8952	5910
8195	10650
8038	7795
5945	14836
2606	14685
1659	3790
4320	14882
8447	14772
8447	14685
8447	3806
8447	5013
9398	14694
7020	12745
1771	14650
517	14886
6903	13124
8514	3201
6336	14964
3969	12982
2322	6991
2064	14795
2755	14413
2760	3621
4589	13889
337	13546
1296	1555
5191	14956
4737	13437
3414	14277
9518	14951
319	14272
2656	12299
6690	10934
1758	13703
1758	14226
1758	12705
1758	13735
1758	8320
1758	3936
1758	11692
1475	3844
8672	12843
1660	6513
7240	22
9206	14812
8225	1094
2911	14792
2521	14836
7276	3726
3192	6750
6315	14831
691	13919
691	7933
3962	6299
9332	2402
1331	14479
5798	10851
1416	1460
1416	3361
9434	7621
9434	4469
3414	14570
1928	14918
553	4064
553	14839
2415	2499
9298	4091
5504	14662
2742	14865
2930	7263
2522	4250
2255	8929
3077	14678
4649	10017
9788	3329
9788	3643
553	14964
430	8324
1343	7318
1343	12967
1343	4855
1343	7800
1343	14346
1343	1501
1343	1672
7368	14954
7368	14839
7368	13453
6927	9929
301	3751
553	14694
553	13987
5238	4449
9043	5094
9043	689
9043	4148
9043	8866
9043	2593
9154	1246
6198	13642
8098	3523
8098	2930
1442	14570
2960	8985
2960	8612
5238	8014
6888	9559
8617	9291
8267	5510
8909	7284
7030	5302
7794	1063
4644	3371
7286	13134
4610	14414
3923	9700
7020	2831
8490	7007
6244	14824
477	14591
1314	4288
8399	14864
9154	14954
6181	1452
5037	3202
7304	14552
9063	1232
5133	14709
2429	8948
8579	14553
2494	3908
6152	6716
4736	1301
4736	1302
7432	14722
7432	14924
1019	14933
7432	14963
7032	2268
7032	894
1760	1927
1760	4007
1760	7642
1760	2248
5024	3731
5024	5424
5024	9613
5024	14293
5024	14316
5379	14804
9503	14910
7015	1121
5123	14457
5580	5866
8892	14388
9702	8551
1618	622
1590	13260
9117	10328
9117	3560
9117	7945
9117	5081
9117	4967
9117	5983
6256	634
1468	9463
4158	13533
4158	14316
1468	14595
1468	1148
3872	4745
4736	1304
2400	3054
2991	14594
4736	1305
7048	362
6256	3309
6260	14582
9753	3313
2873	4433
2031	2982
4817	2178
1829	12827
9515	3918
7542	14483
186	3973
7542	13358
7542	12260
7542	6728
7542	13626
7542	1146
7542	4417
7542	3624
7542	1143
7542	6261
7542	3853
7542	4438
7542	8357
7542	4157
7542	2508
7542	556
7542	2187
7542	2391
7542	2000
7542	7898
7542	5300
7542	4287
7542	2765
7542	14394
7542	14195
7542	3704
7086	14546
7542	878
7542	250
7542	1760
7542	8099
7542	4228
7542	1187
7542	1120
7542	7105
7542	5118
7542	4830
7542	4406
7542	5555
7542	8818
7542	5605
7542	2189
7542	7776
7542	3446
7542	1157
7542	14434
7542	2820
7542	2634
5233	5524
7542	11066
7542	3613
7542	3447
7542	8322
7542	6384
7542	12748
7542	6200
7542	6759
7542	8008
7542	2140
7542	5685
7542	2906
7542	2756
7542	8194
5043	4315
7542	6930
7542	6707
7542	6238
7542	842
7542	3985
7542	1255
7542	7373
7542	1395
7542	2353
7542	2984
7542	2628
7542	707
9819	3578
5299	4651
9819	1951
7542	2913
7542	3577
9819	3115
3183	6186
6685	12339
7082	9181
2227	10011
4491	14550
4491	5551
5564	5955
1484	2675
1391	10958
8882	14361
4060	8004
4060	6358
4060	7299
4060	5299
4060	5695
4060	3898
4060	1008
4060	3647
4060	3304
4060	3307
4060	280
4060	8829
4060	4891
4060	4184
4060	1929
4060	2192
4060	1702
4060	636
4060	903
7260	14917
821	14830
6541	13484
6794	14265
6794	8319
9236	2724
7351	11977
4283	8005
7542	5347
7542	2636
7542	39
7542	8750
7542	12052
7542	3227
7542	2351
7542	5282
7542	4963
7542	493
7542	5171
7542	518
7542	3310
7542	3760
7542	1248
7542	2698
7542	2860
7542	6464
7542	3153
7542	5629
7542	5345
7542	559
7542	2415
3900	5117
7542	7314
7542	8753
6981	5547
8330	464
5332	14694
4063	12445
3900	14884
8544	7259
4563	13626
4563	1961
4563	5316
4563	4533
4563	704
4563	1547
5015	4305
5015	1321
5015	1319
5015	68
4543	8245
5015	7121
5015	5125
5015	2562
5015	1305
5015	10958
5015	3909
5015	4657
8714	9006
5015	1793
5015	2865
5015	2463
5212	786
5015	3110
337	14803
1468	8443
1321	5503
1713	14861
1321	14714
696	7583
696	14807
696	8276
8330	1718
8330	5663
8330	14185
8330	3354
5604	14941
1195	7178
9226	14856
8330	11738
8330	3383
8330	6870
8330	12221
8330	4172
8330	11318
8330	893
8330	1252
8330	11313
8330	7196
8330	11585
8330	4493
626	7681
8330	5802
8330	7623
8330	11158
8330	12223
8330	5732
8330	3705
5476	4311
8330	11343
8330	4796
8330	2815
8330	9047
8330	1227
8330	6339
8330	2572
8330	3746
8330	8582
8330	573
8330	4045
8330	298
3534	306
3534	7598
4977	155
4977	8547
4977	2555
4977	3346
4977	2996
4977	2115
7351	5585
7351	14712
5056	4967
5056	14635
5056	12355
5797	14863
1380	14913
5703	14755
5703	14917
9310	4601
9310	14591
5332	6204
7426	5674
8173	7795
5830	4127
5830	5724
4420	1194
7741	11987
4806	14749
4806	14708
228	14828
1210	11687
1210	8339
2411	8633
2015	10394
5629	12644
9347	7629
6301	11067
1468	8200
5860	3782
5860	9740
8756	5173
5871	6871
6324	2541
8465	4685
8465	12792
9078	5030
9078	3443
9078	14917
8081	14506
6100	14913
2456	2740
2456	12745
2456	13241
5740	10738
8981	9568
696	7023
739	1668
9492	8585
1335	2737
3545	14918
9236	990
117	3850
6968	12383
141	1874
2105	14956
8267	14949
9557	1575
6178	323
9085	6149
9085	4312
2007	68
7520	14707
3841	14550
7040	6094
553	14924
553	10590
2088	14958
7899	13840
8198	8528
834	14565
8118	14651
9405	12311
9347	11531
9347	12169
9347	7537
9347	8435
9347	7535
8828	14793
2836	7356
6903	9808
2381	8887
2381	1144
4771	1284
5964	811
2381	5149
9621	14776
2381	3740
2381	2914
2381	5607
4497	14272
2381	4752
9492	11023
7533	6804
3242	4108
2177	8468
1109	327
2177	9895
2177	1051
2177	4668
2177	10152
2177	6923
2177	5959
2177	14625
2177	14126
2177	11903
2177	14917
2177	14442
2177	1607
2177	6426
615	14920
5525	14825
779	14816
4282	820
1109	329
1109	330
1109	331
3428	14270
1109	8109
1210	8338
1210	614
3975	14252
553	14920
5927	844
6639	11599
6639	309
6639	308
6639	14179
6639	5099
6639	12541
2836	10215
2836	4282
1019	10849
1019	14964
5102	649
4230	526
4230	10264
807	14342
479	3104
5971	14852
8579	14584
8579	14402
4830	14919
9318	14803
6286	9487
2015	10019
3976	5529
3132	10834
3132	9728
3132	2091
3132	5685
3132	11431
3132	14257
6130	2308
1229	11858
6444	14155
6444	14917
6444	14288
6444	2221
4303	14791
73	6712
586	4542
7529	14395
6716	7543
6716	5904
6716	2362
6716	3413
6716	3005
6716	6850
9819	3849
1478	2392
1789	14691
7520	5365
8701	7375
5813	14784
7305	13817
1210	2982
7712	4346
4158	6467
810	1525
810	8999
810	14683
6062	14777
6062	12745
6310	13819
134	11849
6839	14528
8301	13991
8301	8032
2266	14666
4304	14869
4283	1520
5734	10741
617	5468
617	14719
1810	1490
1316	14878
8466	14823
9263	7599
5583	14713
1455	12175
8766	14803
8774	4211
7544	3736
7544	459
7544	2696
7544	2595
7544	11143
2424	362
2363	14860
2363	8582
2363	11738
3650	7814
9663	14622
9663	14697
9663	14426
9663	14917
2634	13987
4675	7632
9788	817
3295	7762
7505	5543
1478	2905
2378	14941
9542	5229
9063	14840
5785	1775
8978	14133
7903	7570
2845	10582
8597	14952
8597	14481
7445	790
8597	14803
9069	14702
7060	1899
8267	14944
6275	11425
696	13259
696	209
8893	10662
7900	7609
208	14606
208	14733
4217	9961
8504	1606
1488	5110
4217	3208
2873	6594
7727	1683
7727	1409
7727	14482
7727	14485
4226	5702
322	5087
1370	5174
3488	4258
3488	1704
3534	7648
3488	1586
8740	5932
7141	14150
7833	6893
7833	3368
7833	13124
9753	639
9753	10600
1773	5912
6890	5183
2978	6629
8851	14918
7790	10662
7790	837
7094	9224
7094	14691
3776	5256
8443	14917
2634	14847
5843	2399
1210	618
7254	14963
9274	14683
4331	3159
7631	14803
1723	14886
1723	14884
1723	14838
1723	5312
1723	14922
1723	14317
1723	3368
1723	6588
3772	9676
7425	14870
5927	843
1789	2815
5618	14495
1789	14917
2311	5258
6563	6388
1064	14643
3306	4198
250	1557
4561	3179
1248	7485
4390	9903
7504	2515
7504	7020
4390	10833
8810	3938
3400	14524
673	14847
673	14740
673	5400
8502	14696
3400	12652
2493	5559
2493	6082
2493	4685
2493	5152
2493	6069
2493	5558
2493	14399
2493	14076
2493	10384
2493	6241
2493	6307
2493	5489
2493	4530
2493	4627
2493	6583
2493	10027
2493	14581
2493	10285
2493	6829
2493	3344
2493	14426
2493	5730
2493	11638
2493	9439
2493	1574
1072	3925
1072	3426
6754	211
744	10753
6879	6706
6134	14931
7505	6654
4678	3165
650	14767
650	14917
6737	14650
7505	8703
7368	14196
7368	14772
505	12443
2341	13002
8993	14962
2369	2383
1785	14962
5892	1263
3860	14764
3192	5070
2189	12689
8329	10827
3520	14962
2130	14962
6204	14790
6204	4145
6204	3497
6637	12425
6704	14029
5666	14686
3859	14962
4855	14685
9192	14917
625	14962
9028	14867
9734	8073
9734	14133
9734	8216
624	3148
5518	14721
9728	14772
9728	14815
9728	14875
9728	14685
9728	14712
9728	14933
8122	14733
8122	14611
1210	3450
4197	14066
9198	9830
9198	5276
3083	14752
3083	14651
3083	14839
3083	14543
553	9336
553	14950
6583	14674
6583	13964
651	4997
651	1329
651	7621
651	847
651	1284
651	2128
651	2860
651	3268
129	7662
651	2426
651	4438
651	6460
651	8959
651	3928
651	9251
651	3025
2879	11746
1600	5548
1600	4378
1581	14920
3296	14546
3296	9535
134	11499
3956	14702
319	14511
3296	4875
3296	6962
134	12897
3644	14647
3786	2424
3644	10820
3296	13588
3644	14537
134	10001
67	14964
4598	11881
2177	5275
2177	2114
2177	3298
2177	881
2177	7925
2177	964
5438	14864
2177	275
2177	8741
2177	8909
2177	6105
2177	7389
8616	11473
1042	14920
7369	3179
87	13002
949	10270
660	14554
134	9068
6111	11792
9788	9947
134	12098
354	1796
354	2608
2450	12585
9154	4741
7333	6709
3568	3842
8415	11609
8007	14962
8007	11847
8007	1772
1380	8370
1475	14568
9634	14868
1468	1388
1374	6265
5927	2179
1374	134
1468	2691
1374	7478
1374	10519
1468	3304
1374	8766
1374	2991
1374	10045
1468	5110
1374	14416
553	9473
3150	14725
9635	3289
589	4550
1829	14637
1829	11522
8229	442
101	14817
8229	14685
770	2579
5700	14755
5700	14796
6372	1756
8157	10343
454	623
6059	14481
9117	7646
6157	14066
696	9180
1920	3652
8013	1645
7795	11226
7795	7235
7795	7236
8148	4998
8148	3376
2185	5137
8911	14344
8195	7676
5797	14903
1112	14611
3378	7992
8767	14709
8449	13428
8449	14854
8449	12437
741	14962
7778	6004
7720	7895
7720	14042
7326	13466
104	13720
5700	14940
6997	14684
8796	14792
7224	6023
9067	11111
6901	13947
6324	4123
6324	2091
1671	14962
6083	4252
7807	14755
1076	607
1854	14753
3148	9393
4205	5606
3993	1246
3993	14656
3993	1060
3993	14633
7048	13915
5359	3121
56	14917
9154	14042
4326	14042
9059	3295
9059	1175
9059	1691
1928	8103
1928	6660
187	3304
1684	13677
7615	12452
3387	14345
7567	13488
6475	14613
2655	14174
4158	3263
4115	13134
4640	8747
4082	14677
8267	14962
8794	13740
4621	13371
6946	10590
4641	14863
4641	14847
959	14920
2836	1308
3917	13518
4753	1315
8944	14962
1294	1811
2281	14803
4617	13702
5109	13064
3436	100
3436	667
3436	2846
1356	14903
8612	13002
842	14815
4336	14623
3208	10316
3025	10475
3160	9674
8661	6853
8661	3371
800	14948
1298	5363
5712	14101
6280	14917
7671	2608
7507	5051
3717	14962
9696	15051
4123	8051
8537	6240
6143	7985
6143	14541
6468	14735
7710	14719
1632	14962
7710	14917
2937	2540
5884	14877
549	14006
7751	11133
6086	14957
422	14962
6288	13139
5213	8803
5979	14275
9781	2148
7866	6535
5213	6842
4011	11010
3069	1608
1354	1608
5908	14704
5396	14621
5396	14748
7327	14839
1175	4059
7489	8071
9723	8648
3212	4200
8060	3191
8672	13184
4839	14910
8478	1135
2532	7012
2532	11981
7964	6354
7964	3179
7964	12587
7274	8198
6002	11838
226	7461
6532	14772
850	14852
8011	14805
7318	11377
153	10914
4497	14957
2532	8849
2532	6229
2532	14302
1076	6654
277	14985
7474	14613
8730	14815
5133	9909
8413	8074
8413	7138
8413	7078
8413	11316
8413	9776
8413	7720
8413	10238
8413	9448
8413	8984
319	6466
319	14729
5475	3825
3395	12295
3395	14613
8349	7012
2083	7896
6330	10383
1982	10505
4133	9393
6032	2494
8675	14962
8118	14839
7866	425
326	4597
8677	14434
5932	10374
1019	15051
1972	7597
2083	4340
4924	3001
4924	9270
8371	579
9571	6735
1548	14934
5363	14823
5363	14956
2456	3831
7401	11810
3661	9795
4133	14903
2380	14810
5213	8449
2635	14892
6557	14441
96	4375
9469	3661
9469	5054
3082	10203
3975	14730
4924	3048
4924	2941
4924	3003
4924	4869
4924	3049
4924	2956
4924	14917
4924	2048
8167	9745
6989	5661
9491	15051
6676	10044
7543	14729
1072	10846
1072	9279
5033	7914
2188	14920
2188	4679
2188	9199
2188	14277
1928	8362
1928	5740
1928	70
1928	2435
1928	7797
1928	127
1928	128
6947	5928
6610	8243
6610	1503
6738	423
849	14952
6738	2780
6738	1482
6738	3493
6738	13059
6738	4488
6947	8443
1798	14907
1798	8416
1798	14765
9117	2223
1798	14398
4726	10143
6947	7623
4726	9597
6330	14931
5470	13845
6947	8445
9170	2730
9170	14632
9170	14558
9170	3060
9170	14633
368	13313
368	9269
9626	14582
7346	12405
4295	10045
7505	6096
4699	6609
5504	14697
2318	12166
8224	14603
8224	14765
7031	3107
5580	5580
6836	14899
1713	2135
1713	5737
1713	14937
6561	13367
3208	14492
4774	14954
2922	13130
2922	2512
3208	5727
8087	14376
3208	14622
5666	3767
3263	14870
1962	14504
4331	4898
7042	8661
3294	7386
1576	5706
7082	1453
3222	13005
1237	14399
422	14277
1995	14399
9497	3719
4194	3596
9269	2987
5233	2652
3261	4343
8846	14784
3723	14766
3723	13640
9752	14962
4030	10557
2928	2954
2928	3002
2928	2955
2928	2956
2119	13251
2928	14917
6931	1221
6931	1251
5299	3079
5299	6778
8545	5747
2015	13848
4118	896
1829	12290
2530	3523
4130	2928
2074	14503
4130	6750
4130	4572
4130	2220
4130	10455
8441	14962
4130	492
5239	918
2881	13947
3999	14093
6600	128
1468	4743
1468	1984
1468	1048
1064	14700
7531	3371
7531	7014
1206	14803
1206	14948
8079	13902
8079	12715
8802	14962
2127	14810
2226	14075
8118	2986
6600	7142
6600	10264
6600	14798
6600	6958
6852	14499
6852	13872
5986	603
6852	14917
1485	14866
1485	14840
2799	14935
2799	14772
2799	556
9646	9186
9196	14789
9196	8928
9196	8332
9196	8627
9196	1960
2799	13895
7038	14961
3106	3767
8524	4097
1458	13705
3437	14962
899	12868
8840	6624
9111	1562
9111	14918
9597	6456
1342	14177
8003	14863
2872	14500
5683	14361
4029	10906
7505	7218
5413	340
7536	14843
8060	9712
5525	12401
995	14656
6754	14918
2769	4065
8935	14677
3966	13441
1577	10263
5548	14677
2742	14651
3605	2868
740	415
5453	6087
2301	2993
4585	978
4226	6562
2015	10458
8698	4084
7934	13414
7505	9380
3545	9808
7934	14823
3966	13355
3966	13059
7504	3310
7311	13296
412	14570
1228	13913
1228	14749
1228	14887
4331	2363
910	14855
7778	1896
553	5280
553	3810
553	12051
460	14556
553	14948
2620	14738
8030	9369
2307	10799
7954	14917
7954	12533
6152	10590
3966	7288
3966	13303
9036	410
9036	4571
726	11899
6125	10201
6018	14857
2887	3567
1459	6549
6852	13432
8684	12823
875	3355
5379	13739
8907	7607
7011	9393
2686	14962
1663	11323
6617	9439
6230	7338
3176	14613
7505	6614
9285	9673
3966	12301
3966	11194
6684	2022
8148	3623
8195	11560
9255	14002
1395	5245
5213	9179
8775	14705
8775	14917
8104	9527
3192	3971
3966	12993
3966	12869
9137	8204
4011	12639
7381	9349
8672	12644
8672	10963
5302	14277
8557	1061
3966	12247
3966	12548
3966	12349
8140	6668
8140	6709
3966	13046
3966	12780
386	14932
386	14933
386	14685
3966	2248
3966	1875
3966	12141
2752	4437
8591	14825
7286	14729
949	2781
949	3593
949	2191
1378	8619
6912	12680
7471	13838
336	3691
3966	12152
3966	7624
3966	5804
336	6717
2015	7208
7533	7970
1864	9021
1864	13582
1864	7277
1864	13074
1864	8797
1864	10264
1864	10987
1864	4947
1864	9458
1864	12215
1864	3555
1864	11131
7102	14478
5646	5915
7102	4709
7102	11191
3966	12054
7102	7201
7102	9228
7102	9473
4927	2740
5348	12733
5348	13398
2725	660
2725	14395
610	13243
1614	13822
3603	3259
2005	1695
2396	6578
7615	7727
265	3048
3966	5537
3966	13523
3966	14056
3966	14222
3966	14345
3966	14346
3966	14354
3966	14407
3966	14360
2377	5551
8939	8041
7390	11464
1041	6413
8939	14922
2860	7696
1853	1547
8684	14766
3966	14216
8684	2109
7512	14440
9661	2455
8953	11173
8953	10514
8953	9877
8953	2618
6931	11639
3975	14908
1870	11137
1346	7386
6032	2493
3966	14508
3966	14430
3966	14446
3966	14384
7064	1888
2342	6807
2457	13055
2685	14845
357	1580
7504	12026
7445	3686
7080	4351
2051	6074
9289	3167
3966	14659
3966	14602
3966	14648
3966	14608
615	12234
1191	2578
55	8987
448	10583
4722	568
4722	2858
2946	14697
4722	3737
3714	14777
8794	14707
4722	3831
4722	363
2015	11999
4722	8171
2015	13699
4722	5125
4722	6151
1794	4957
2377	14315
5798	3452
5798	1498
7505	8642
918	9499
3966	14501
5003	7951
8132	11705
8132	7218
4016	352
1310	14935
3966	14731
3966	14831
3966	14931
1019	8690
9295	12348
7432	14829
7432	7932
4774	13568
8591	11332
8543	2315
5980	9767
3912	7121
4320	14704
4320	2932
7843	6343
6518	14807
363	12485
6895	4061
7432	14316
2928	13485
8078	14399
8078	5630
8184	14957
3048	6892
7591	13062
3221	10773
696	8201
696	8199
1259	2969
2664	2104
9145	5532
3661	12466
7790	8196
4825	13279
4641	14738
5258	7621
134	9384
7326	14764
7326	14691
7870	5057
6224	13721
769	2340
4710	14920
9697	13568
9697	14385
9697	11942
7376	5194
7376	556
5986	10877
7376	10178
7376	8938
134	11252
134	10264
8750	490
8750	3519
8750	1457
8750	10991
479	3920
3057	14112
4590	8345
5903	14791
5903	14677
5979	13491
711	246
1702	1276
1702	14016
1702	11942
3569	2891
274	14917
9538	9033
9538	2644
2189	14893
2189	13933
3844	9623
3844	7784
818	7583
6535	13821
818	8234
7507	14962
9597	6843
134	12129
3940	3264
5397	14865
5397	14816
5397	14344
1351	6006
7834	470
7999	4298
4640	13049
9819	14528
4121	10026
4121	3943
4121	14613
7836	12639
7851	8207
7445	2235
3694	523
7445	14794
3694	8823
2142	408
2142	2184
2142	2288
2142	3800
2142	2675
6111	5028
3661	5557
3368	5660
3368	6442
3368	5437
3368	2874
3368	12816
7533	14129
7533	5452
7445	14792
1429	3002
872	8242
1468	3919
1468	2188
1468	2189
3078	9713
2189	14391
1468	11638
2625	14685
3361	13725
7502	14823
7425	14800
5630	14762
4253	2435
9107	12936
1681	347
7075	14962
2658	2603
2658	14860
2658	1885
2658	9407
2658	1096
2658	2602
2658	7059
2658	6950
2658	14708
1869	2935
6731	6865
6441	11647
8606	14840
4115	6
7166	14713
4361	6462
7561	771
7561	972
7561	12498
7561	6226
185	4542
9628	3493
5870	14330
9387	13666
2420	1705
2420	14261
2420	2476
134	14319
1004	13339
3198	2964
1004	14000
1004	7430
1004	13004
3658	13203
1004	8213
8415	1722
9785	5331
9785	8445
9785	8469
3401	14839
3034	12987
58	2453
4801	4523
7505	14772
2540	1068
9597	9261
9779	9774
9779	10215
9145	14962
1004	11781
965	14826
1461	4469
7116	9152
6919	14536
7505	4973
6405	6542
7899	14395
1478	3383
4774	15011
5806	9975
3261	13313
2715	14847
4256	14876
4776	14473
1004	6620
1004	6889
1004	6765
1004	6890
1004	6586
1004	6649
5407	14962
3691	13752
3691	15051
3691	14815
812	14895
2017	12499
6676	7380
7333	9050
6889	14546
5964	3054
2644	14807
3051	2146
7425	14880
5191	14989
4690	18
6754	9687
6912	14989
9186	14989
1930	5334
1930	14636
1930	9650
1930	10956
5438	2287
3691	12970
5588	10649
3631	14719
3631	5115
2167	2956
2167	1605
9649	14847
5438	14490
2130	14989
3722	12763
5732	6915
1510	8255
2400	7919
8672	9393
8446	11289
6152	8442
8041	12641
3160	7688
7533	4815
7725	4218
6256	8731
6685	14767
9063	6716
7327	14535
6405	270
6405	7772
4792	13219
7967	14277
5543	11915
3631	12634
7505	8640
6946	14277
4590	14732
9700	15051
5732	14683
412	14956
412	4340
412	10540
1017	11250
5368	14954
5368	14660
4592	541
2845	13782
5252	14530
105	13057
7283	3407
9562	803
9562	3245
1860	14747
1860	14803
1210	318
1210	4118
9130	11855
953	14533
5187	1307
7591	12839
1326	556
6012	5948
6810	6247
5545	5503
6810	2068
1835	3371
4304	14441
4304	3069
8630	6445
8630	8844
7390	14040
1361	4586
1361	4562
1361	4522
1361	5557
1361	4636
1361	6234
1361	6232
1361	4451
4736	356
7886	13313
6494	5671
5732	2694
6931	14989
2007	4459
298	3561
4013	14824
5863	1146
5438	11649
3691	14425
3691	5418
3691	10700
3691	6412
3691	5091
3691	9831
3691	6169
3691	4671
3691	2753
3691	5812
2705	4388
1811	5067
461	10701
461	1149
6022	14794
4273	12960
4273	6618
4273	14288
363	6138
363	14087
3766	14766
363	2019
363	3727
363	3242
5732	7178
4590	13121
617	12709
479	3302
479	3510
479	6301
5976	14944
4944	11169
6974	13785
6614	14766
1531	4290
147	13871
1361	10434
1361	13922
1361	13940
1361	13631
1361	14351
1361	9851
1361	13811
1322	13880
3834	11416
1531	6373
646	13589
1127	10717
1607	9961
4133	14273
7158	5315
776	14963
776	14739
4256	13736
3849	14543
7505	4238
7368	14964
7368	8816
9805	1619
9018	10501
4068	14644
4295	14681
4226	14923
6903	10490
9779	6530
4226	10496
7041	14858
6135	1511
4826	1578
8578	14772
5964	10368
3435	4840
8002	14753
1930	4144
8504	2483
6781	509
6781	12762
6781	9280
6781	9309
8530	14753
5213	3167
4826	14088
4826	9262
6441	8917
4826	8512
4826	10439
4621	14886
5633	1831
8108	7982
8837	11330
3047	14570
3047	2127
6271	12487
6271	6089
3195	5768
875	13268
6707	522
6707	8823
6707	14495
5843	8810
3045	11324
9469	3005
4047	1618
100	1281
5141	4180
5141	4336
5141	5688
5141	3201
5141	636
5141	3144
5141	903
2381	3250
6848	12697
9534	2739
9534	878
7757	6705
1430	5006
4514	673
6109	14837
2052	9629
2052	9839
1962	7078
77	13975
77	10736
8773	5245
6673	4446
7274	14770
6948	14261
6957	14865
1504	14739
3011	14613
1869	544
7291	1898
7291	10680
7291	2708
6340	9366
6070	7571
8413	4733
3285	8225
60	13253
8044	13301
1380	14563
4282	7762
4044	14878
4044	10913
57	2127
6143	7543
94	9802
3025	7800
4096	6820
1126	6812
4981	2174
2805	6478
9308	2707
8167	7414
2015	10201
2015	12073
5052	11689
1991	12039
4526	1667
4526	10787
7370	6719
7370	6717
9597	2189
9552	14909
4567	14928
2411	14547
4305	573
7651	3331
7651	13925
4526	3201
4087	1605
6948	2081
1229	180
6795	4092
6795	2882
8843	14619
614	8855
9696	15011
354	10157
354	6980
354	3951
998	14763
574	15011
6876	12002
1290	13288
8818	5603
7571	989
2444	13061
600	8305
7739	1759
3917	9335
8044	8726
3395	1746
3395	14830
6795	8459
6795	7363
8044	11413
3235	1653
208	14765
208	3761
208	14603
610	5380
9597	2188
1810	11082
1810	14490
709	455
3235	14822
94	14879
185	8750
6781	2718
6781	7016
4552	1823
952	14716
9643	9911
9643	7859
9643	4896
9643	7414
1392	14348
1392	13869
6755	14964
1380	12442
1380	11007
6995	13434
6995	13339
8449	14694
8449	2813
4788	6540
5218	3692
4719	3370
9587	13688
9587	14186
9587	14255
4792	8624
5540	14708
1775	2177
5221	14718
7576	14865
6601	14944
6601	4061
3595	1270
1236	3816
1236	13959
3772	13371
3772	14961
3772	3772
3772	12442
3772	11049
9065	14713
3772	14655
3772	13955
3772	3938
9018	12082
6754	15030
696	14996
8269	14693
4999	14256
8436	10914
8436	13877
3208	7848
6813	13361
2404	1253
5263	1553
4718	7462
7319	13889
1961	714
4133	5529
2865	6906
908	3461
6601	7375
6601	8312
3900	13825
6554	4336
5097	14844
6429	5407
1772	9404
7231	13735
3924	2097
959	2483
6689	2279
918	6402
5549	6246
7137	14741
2854	14773
1182	6097
1182	353
7149	6598
7149	12782
7284	7897
7284	11796
7284	12631
2281	154
7284	11490
1332	14683
7284	7801
7284	10756
7284	11324
1296	4427
7284	11234
7284	10454
7284	8965
7284	11220
2410	11359
2074	14258
2074	14901
8794	14704
7751	3002
1063	7283
5611	12252
5611	9426
5611	2576
1392	13735
651	14195
6903	4455
6903	5184
1342	11140
8161	3157
2446	14277
332	14896
332	5870
1468	5685
1721	13499
1721	14629
1468	2661
8122	8354
4417	14844
2894	4092
2533	14199
2533	8443
1999	6860
1999	4408
1999	8842
1999	4099
5749	8693
5749	529
8750	1455
8750	270
972	14525
9445	14507
1445	5599
9285	470
7030	1892
1484	6222
5526	5094
5325	14211
5526	3609
5511	14929
5526	13064
3582	14951
7752	14922
2887	3575
411	11665
9394	4231
934	14697
1932	14649
1932	11538
1932	14716
1932	14748
2385	14647
1286	9502
4029	771
3594	14928
2222	3334
2222	14442
4618	5453
4618	13
2319	4156
8723	14948
8723	63
4497	15017
2846	8445
1468	393
7934	5386
723	13798
8915	14460
9577	7941
7886	2575
3845	5400
8341	621
678	864
9043	2996
9043	2804
4430	14496
2043	1369
2043	14772
322	4752
4974	12558
4974	14763
4276	1250
795	14900
5413	9731
5359	14917
3416	6939
8686	12464
4758	3292
6879	13446
6879	8395
6879	5817
6879	5794
373	14061
1441	4483
1441	13865
1441	1845
7369	6284
6717	2905
6717	14772
553	4152
9597	8999
5655	3522
8367	3599
8367	3912
8367	1593
4098	14021
4217	6184
5722	14682
265	9270
5798	15076
4683	7237
4683	9645
2480	2121
8224	14611
4518	3296
9564	14683
9564	14426
9564	14346
9564	14504
6824	14226
9564	7653
9564	10690
9564	11429
6676	7929
9564	14917
2647	12067
1107	611
8177	14434
8177	14594
8177	3233
8177	14252
874	5185
874	1590
874	60
8177	677
9450	6211
5213	7416
4307	2542
7224	6213
6931	14575
7052	14874
5089	14884
6781	3633
6781	5175
7666	7345
3917	14577
3917	276
8238	12026
8238	10197
5407	14777
2652	14753
5836	9127
6937	13346
515	2818
2015	13645
4589	9002
3913	12852
9534	14343
3721	9592
9222	12484
2506	6135
9215	517
9215	2544
9528	6597
6143	11085
6220	12401
4719	5435
4719	5766
6676	13617
1440	150
9063	4058
1735	9554
4590	4371
6181	4279
6181	2823
6181	3319
4590	14393
6181	7761
7623	14876
1510	10044
71	1982
5233	4298
5633	5509
7988	11721
7543	2295
2314	14899
9287	9920
5302	14697
7032	5963
7032	4114
6720	14042
7309	3517
89	3652
3428	14425
40	8290
2142	7869
2142	12588
9685	13128
5973	11110
808	12520
9085	10134
9085	7725
9088	14893
9085	200
2107	14880
4097	6079
1794	12582
4406	3309
8184	14894
8184	14955
9395	1068
9395	8708
9395	1166
9395	4094
9395	1283
7027	10849
4029	1091
1759	14870
2522	13027
3434	5971
2522	2703
5104	12146
2220	350
2015	10339
2567	14335
3333	13682
9154	75
5372	8312
1835	6853
6617	8246
656	4877
7327	7538
9222	5606
8701	3920
614	5853
6305	2922
3641	3480
5887	9167
4947	5111
1580	2072
1580	8221
1580	4793
1580	176
1580	5840
1580	933
1580	6000
1580	2553
1580	729
1580	2634
1580	1966
4291	2788
4291	5495
3208	13008
4291	3338
4291	2225
4291	3344
4291	6287
2862	439
2862	1344
4029	6438
4760	2079
9285	4035
9285	1913
9332	14962
2322	759
9285	4189
4602	14894
8622	4957
7045	2765
9285	5538
7022	2068
697	15076
5780	4999
8984	9768
8276	8198
8081	14789
4029	1851
7314	417
7572	14494
8372	3376
935	2669
8209	15017
6568	12177
1612	14543
4590	10359
9276	6648
6750	6689
6750	2119
6750	7262
6750	7959
6750	8759
6750	11646
6750	6928
6750	8685
8622	3861
6750	4649
9536	2354
9536	557
3930	6865
3950	14191
2347	4859
9081	1613
9081	5687
2846	3023
2846	8443
501	5186
9180	5853
4063	11700
1955	357
1955	6341
1955	9517
4497	14894
2210	8028
9536	1817
8122	11215
283	14894
6135	11187
343	14537
6135	14739
6135	14853
9058	639
9058	3342
9058	2919
9058	864
9058	3340
9058	3031
9058	646
6340	2166
9058	1473
9058	652
697	7005
3423	2247
814	15051
814	14954
4133	14823
1580	2756
9536	4147
9536	4199
9536	5733
9536	3085
9536	3480
9536	2634
9536	3350
9434	4309
488	15011
5961	6801
5961	14584
3695	14685
7388	11348
7388	2831
7388	5549
7388	1503
6309	3005
9394	14870
754	12986
2542	14707
7444	13152
7444	7976
7444	13889
284	9384
1285	525
1285	8021
1930	10379
1930	10287
1285	4482
1285	2455
1285	3349
1203	14847
9587	11721
6404	14842
2281	10266
3936	8419
8603	2932
8545	13716
1835	8195
1172	8882
5888	202
8496	12715
8496	12739
2651	2695
6966	14332
6366	14969
3877	14876
3760	633
3760	12788
3760	12936
3760	10333
4335	5452
3760	9009
3760	11942
3760	2524
5991	2455
6617	4092
8892	14949
8892	14952
5233	385
3975	14518
206	9808
4754	2969
1264	14847
814	10847
814	14924
814	11805
814	14338
814	13643
6073	14903
3301	1440
2015	13364
1551	9638
6810	7449
8098	3203
246	14426
1315	8482
2284	14881
2980	5209
8417	3897
2980	14640
5088	14053
2980	12020
529	1341
614	6319
3395	14623
4302	9665
2125	2804
2651	3302
875	11069
875	11416
875	6086
875	10966
875	2925
875	4826
875	6620
9638	7183
1185	14625
2688	5763
7422	12502
1981	13183
4563	13603
4563	10738
4563	10181
4563	13887
4563	1749
4563	12987
8413	6811
4563	7747
4800	14801
4800	9173
407	3771
407	9448
9285	78
5838	14313
5838	4126
2592	14903
9734	6704
5294	9903
5294	10433
1128	14669
1128	14767
2497	14997
1236	5020
5049	11569
4861	11783
4319	4189
5745	14811
2309	14365
2309	8194
2309	3173
2309	9948
2309	3355
2666	14811
6441	4875
4602	14997
9305	14691
7631	11130
1049	14464
4177	1685
2285	5899
7318	10913
9085	10540
9085	8846
3088	13338
8220	8268
4241	6550
6180	13804
6180	10453
6180	5954
6180	10477
354	3000
4511	14712
5695	5533
93	3739
7571	14651
3618	14961
9468	10931
8148	12616
8148	13826
8148	14355
2588	9578
2356	13736
696	13055
696	394
696	8354
696	13670
696	9021
696	7536
696	12129
696	7539
696	180
696	5641
250	2811
250	14839
9738	10185
9738	511
1950	3765
9683	14861
614	6004
6126	12450
696	9595
696	12235
696	9618
1510	2256
617	1735
758	7394
9617	9992
1932	14778
1932	11942
1932	14685
6366	14997
4696	14231
6366	10846
5531	5551
5999	1437
8267	15011
2044	2690
5288	14962
5288	7673
9577	15017
6463	7212
6463	6026
4117	14997
4763	14007
8132	2192
8132	13357
8132	10660
8132	8783
8285	9243
6931	12203
6999	9033
6999	5422
2537	10174
3269	12977
1504	2628
301	795
5425	14559
301	1248
814	11942
301	8044
814	9158
5965	9029
5965	6376
5965	4431
5965	7033
5965	4081
5965	5188
5965	5047
8062	14396
5965	6517
5965	2578
8847	1823
8847	6629
8847	6615
8847	12673
8847	622
8847	6654
8847	14072
8847	10781
7689	5676
7689	1312
6662	14812
3562	14908
4836	6308
7392	5056
8377	14459
9469	5055
9469	6713
2322	7780
8141	1683
1745	4665
6684	8407
4544	14426
9552	14917
3055	10437
3123	8252
3834	12025
4590	9977
4590	11967
5149	5698
4153	8647
6058	13232
5641	5981
599	3317
543	14740
3807	856
5902	9146
5902	7570
5902	1750
5902	14948
5902	2740
1511	3457
6617	12202
5062	1614
5544	14813
813	5911
5901	316
5397	14968
4257	770
6945	4820
6945	2879
4192	7813
982	1816
3055	14546
6324	5914
2887	3636
2887	1646
642	5613
4217	6750
642	14388
642	2347
642	14064
642	4847
7715	14196
9379	14261
6044	11378
4443	7097
5816	6329
5964	2355
5964	808
5579	9631
1306	14191
7059	10554
1306	14840
8163	9441
8163	9710
5840	14848
7022	2453
7377	290
1741	5196
6204	5802
6204	8876
6204	6866
6206	2937
7447	4405
6201	14972
6225	8337
1805	14997
4029	3803
4602	15023
5712	14894
5712	14955
9403	6962
9403	9112
9403	10846
4133	4510
2984	14720
1666	4312
373	14362
5668	2891
2569	8294
7149	9345
8411	14280
4792	9029
5937	14910
8263	119
2771	2913
6404	14856
6460	11982
4989	14817
4029	5130
2476	14750
8449	15025
7716	14641
7196	5441
2289	5764
9597	14009
157	14952
2342	6299
7786	763
7786	5050
9394	15023
3868	14133
1172	14104
1355	8987
6773	3483
1355	5593
1355	2715
4768	14917
1355	9439
7598	5717
696	9093
696	2870
9387	12838
1930	14665
1593	10238
3969	9010
3877	3164
3877	9384
3877	14750
4792	209
4792	14439
3975	9349
553	125
7472	5669
9391	12265
7472	4962
7472	2186
7472	9193
7472	9514
8849	1213
28	2025
4870	14917
4870	14717
6950	12796
5292	6998
4038	10202
4038	5307
4038	4957
5292	622
4038	6624
4038	1367
4038	10238
4038	9439
4038	4635
4038	4521
4038	6853
5292	5202
7061	14695
4038	7720
7158	225
5292	6329
5292	556
4038	9399
3488	13794
4038	8361
4038	8363
4038	5637
3488	1702
4038	9402
1876	11113
7231	271
1380	13634
7002	14913
7002	14133
7002	5081
5566	14744
3809	14236
8184	13904
2927	4134
8696	5713
274	14356
274	14767
4029	2490
2612	12501
6208	6384
1647	4518
558	15000
7870	1958
9154	6013
9219	9505
4605	10108
6781	11569
6781	3863
4497	15023
4852	3718
2326	12934
9120	2994
672	14750
9602	4445
9602	8323
9602	8321
9602	8322
5564	14822
4497	15000
3213	14989
3213	5328
3213	3522
3213	11801
553	9272
385	9688
7733	3777
553	2018
5111	14665
5474	5615
5474	7318
9644	14478
9644	1768
9644	14962
437	5567
3025	8640
3025	498
3975	14434
4377	12260
4029	4368
3088	6464
4029	3292
8040	10933
9394	1990
2015	13109
3540	304
7805	14056
8928	14277
3653	975
8928	14934
3653	4948
5332	4029
7341	14316
7341	15051
5604	14403
3639	14620
3924	11316
5513	14952
3076	14522
615	15000
6781	8821
3600	15022
5393	5628
5393	8390
5393	6645
5393	7588
6689	8704
7680	14962
2692	9888
7680	2531
7680	7270
7680	7618
7680	8616
5181	15021
9586	10239
7518	13515
4029	4411
9324	4003
9324	13134
3699	8777
6773	3010
3699	8192
3699	380
3699	10843
3699	2730
3699	343
3699	2489
3699	7563
3699	9111
3699	2669
9457	14580
8675	9987
246	15017
7651	9396
7651	13204
4695	5280
2347	1591
651	714
7927	14955
9506	805
9506	11689
6507	3718
6560	14020
3834	3471
5766	294
412	13414
412	14564
5273	14192
3672	10547
4076	1516
2381	3668
2381	4741
2381	14047
2381	4184
5729	13134
5010	5087
5010	7140
5010	1229
1904	6248
5909	13152
8833	14697
6795	5039
5059	6643
9298	4679
2776	8777
9309	15000
6617	7397
9142	12842
4481	5260
8294	15008
8118	14277
8118	9533
8118	7824
9352	15000
7544	7038
7544	1385
7544	3355
8065	6705
8065	5578
8065	6326
9167	10584
4353	11946
1816	15030
6909	7871
1722	8416
1810	12490
5667	6456
7252	1928
5667	6123
3742	1085
3742	1612
3742	14708
3742	5021
3742	10428
8522	9578
9241	14907
4764	14056
4710	9111
5676	4411
6518	12260
9117	7066
9117	10178
9117	4646
7030	2685
857	14989
3395	14495
4898	13599
8200	4814
5916	7722
6637	9851
5439	15000
2496	14665
2496	3426
2015	13132
3088	10036
3699	2282
3699	542
3699	2701
3032	8405
3032	3066
5336	5817
9174	9059
9154	5728
5578	13846
5695	1061
2210	10147
8161	12389
6222	14487
6356	1941
6356	291
6356	2707
2338	7720
4473	1105
343	6121
343	14519
4094	14841
561	15021
561	15017
561	14944
7552	3489
3540	3369
2533	6283
2533	8198
149	14067
6535	15022
4792	10427
6718	829
7388	1668
6993	6155
4083	5048
5803	402
5803	1515
3423	10036
9563	14757
5803	4316
5803	2914
5803	5335
5803	2463
5803	3438
5803	8999
8499	14588
3401	10426
5798	4173
6946	14874
4359	12275
9757	1586
9757	14399
9752	12936
8200	9047
8200	14185
7010	8141
7010	2692
7010	8413
7010	6851
7010	7464
3395	1213
7010	3174
7077	9645
9723	4018
9723	1145
3540	3367
9697	5248
9697	1578
9697	6034
6772	13461
4724	6487
3150	8370
4348	5642
7237	13522
2150	14731
3240	14910
3978	10602
5760	13750
5760	14917
490	14664
5543	7172
6597	3259
6296	11316
1478	7017
4683	12800
3534	14082
2374	11716
9602	8324
673	7715
2702	5826
2702	6869
5129	3204
5129	12898
4212	14997
8675	15000
6659	1990
9595	11736
9595	14849
9595	14840
5165	4204
702	14008
5393	11428
5393	3012
9196	15051
2318	10676
2318	5619
2377	4478
5109	2236
8399	15029
7136	6069
5960	1793
9645	14752
9645	14962
8840	15039
7283	2232
7598	2286
9154	881
847	957
3069	13389
7286	2599
4253	11915
5525	15039
6748	2478
6748	544
6748	3392
6748	4995
6748	2707
5302	14999
4692	584
2400	15000
6198	13065
4719	12554
412	5823
412	14946
536	269
3428	14766
9597	2081
3608	14871
9597	3800
3978	11513
5575	14434
2946	7712
1019	5251
4402	12133
4402	9411
4402	9006
