3279	10706
3279	4384
3279	8574
3279	4386
3279	14361
3279	13333
3279	8582
3279	11738
3279	4376
3279	4419
9374	1777
3585	15255
467	15001
9518	15266
9518	15303
6879	6599
3048	4671
4667	12740
5192	2560
7518	2665
6860	14452
4998	11121
1236	15254
7757	8864
7757	4290
4552	12598
4552	680
3834	1207
6974	465
2461	11057
1497	5577
7167	8340
8195	4677
290	4655
6946	15328
1367	6220
6695	2229
8345	5411
607	5148
3995	2857
3322	6044
3995	9860
549	564
549	3201
472	5078
2227	3180
2227	14327
2281	13806
7252	5725
751	3823
2221	2218
5932	10694
6323	7236
7999	1010
2960	14321
7633	15180
9479	8448
9479	14914
9479	8665
9479	4899
2961	5230
2961	14277
2961	14792
2002	14631
2002	9684
1813	15282
563	14706
563	3527
563	14635
563	14840
563	14684
3129	5577
3129	6266
5330	15065
5972	5230
6310	14652
3835	989
3141	11652
2268	15171
2268	6817
2268	14594
2268	14654
2268	14522
2268	14729
2268	14434
2268	14005
2268	14901
3141	7925
6138	1766
3382	14904
3382	13789
3382	12619
3382	10444
3382	14142
3382	14658
3382	8630
3382	10145
5373	4029
2564	15311
5373	12387
4596	7776
5373	10738
5373	1584
5373	15064
5373	4603
1315	14535
7445	15255
5155	15328
7445	15251
85	15060
6128	14691
6316	15339
5192	5060
4133	15328
2571	15242
1960	15277
8816	15119
8816	9085
8747	3628
1668	4731
1127	4517
6213	15302
6227	5158
2410	13450
2410	13366
1785	15071
5951	15328
9097	1344
754	4615
1136	8382
1136	5822
1136	3041
4377	3784
4377	3557
4377	2982
3340	15306
4377	1865
4377	3839
2521	15315
3964	652
5682	14120
5682	8683
5682	10889
5682	8334
5682	9103
918	538
4424	3530
4871	4426
4871	9959
4871	10640
84	15028
8141	10184
6243	4094
6946	14459
2955	15124
7333	14865
2356	15319
2955	14321
6371	2815
9160	15276
4675	14538
8202	14844
7367	2186
8202	14633
8097	15177
6533	3557
3791	3878
2363	12903
2363	1671
2363	11692
9093	3263
4317	2478
6138	9472
2381	5570
9567	14367
9567	14368
9567	14585
9567	8463
9567	7479
6044	14434
8591	14856
7071	714
7071	5674
7071	1818
7071	5222
1022	15164
1022	14013
3159	15083
3977	4769
3159	15154
2477	3843
2988	8397
7151	9188
8579	14979
4642	15319
5369	7881
5369	6705
4226	5009
6684	12037
1149	2536
1149	4012
5031	13964
2386	7624
2266	2496
972	15268
972	15249
918	2954
4397	15054
4397	3621
4788	4157
5107	7163
5669	8297
7786	13473
7786	8058
7786	15293
2528	4932
2528	14711
582	8771
2528	927
5814	2508
5814	13494
2298	798
1959	14325
2298	10127
1959	10182
2298	14405
2298	13668
2298	2715
1896	2772
24	15158
6143	14366
553	15176
6945	3640
651	15194
651	15182
8485	15187
6533	3604
2380	3261
2308	1340
7964	5797
7964	2204
617	14762
3285	14005
5420	1865
2609	12792
5254	12162
536	3036
536	15164
536	3765
536	15168
4784	3007
6285	3041
4788	1276
7633	15055
965	15303
7633	15364
1592	14986
6371	619
9132	14895
3939	13773
8112	3870
8112	6081
9132	1791
9132	235
5110	14790
9132	5501
9143	15315
5375	9270
5375	13982
4052	3320
4052	3552
8038	15031
5548	14491
5548	15129
7499	14685
4526	9890
908	180
908	5864
6364	8811
5828	13749
5828	15150
5669	1601
5961	11316
648	14918
57	6809
2845	1336
553	6229
2322	3066
459	13535
459	9924
459	8463
459	7479
553	15268
7727	1891
6493	15262
5676	3725
2381	8889
7260	6197
6687	14844
4331	8502
2318	11439
2318	8116
8858	3653
7445	15364
4716	14405
3516	14869
8533	1356
8533	5896
8533	1482
2768	14535
5669	1324
7966	14719
2768	14842
647	15254
8840	14825
1380	7741
6597	3191
1392	14741
8021	13152
2063	14401
2063	2491
5905	15124
7950	7031
1127	15364
2171	15251
5129	574
697	15181
7274	10754
1581	15226
294	610
8136	384
8136	9349
873	7758
2525	3372
5681	5232
5681	11468
5681	13915
5681	3390
5681	9778
8379	2186
5681	5426
5681	4186
5681	4371
5681	1992
5681	2842
5681	3560
5681	721
5681	10455
5681	2906
5681	1937
5681	4791
9506	774
6640	14966
8079	1592
7364	15110
9276	4216
1392	14969
904	14495
3200	7640
7993	14303
3200	3367
8283	2266
6847	15014
6847	6441
7680	1762
7680	89
2397	3576
2397	13573
8872	14288
8872	15164
2199	14718
193	13156
5202	15122
217	13424
3106	14336
217	11471
217	9240
6271	12192
5026	14068
2990	15308
2686	15276
8577	3751
8577	6406
8577	1280
8577	4266
8577	4159
105	15194
8555	4048
8555	15180
7279	15241
4244	8574
5986	2107
6341	3472
9578	10624
3698	14966
6947	14796
6263	3526
5504	15259
5379	15164
5379	15262
4796	9760
5838	3905
6566	7001
7959	431
7959	216
7959	6672
2423	4776
1175	13082
2135	12302
1370	15156
1370	13977
6667	11174
7529	4515
2015	5595
239	4991
1127	12719
7633	4503
7633	12133
7633	9411
7633	9006
7633	11941
7633	13560
7633	10361
7633	11131
1564	14663
9242	3864
7218	15264
5866	15015
3658	15164
3608	3824
5614	8171
4076	4130
7850	15259
3433	14713
3433	2280
8247	15297
8247	9785
8247	15094
8247	328
3386	8365
9298	1030
4561	4776
4561	4775
8326	9581
8326	12720
6617	6778
6227	2740
6227	1716
7750	14260
708	15200
2632	6220
7617	2250
2385	13903
298	6708
298	5763
298	7961
7651	5989
6671	13904
7651	2617
1810	4000
3492	7613
3844	11288
6600	14024
6600	9307
6600	9302
6600	10401
6600	11329
6600	6883
8285	4488
8285	7813
8285	4433
8285	5230
9219	14876
2848	14426
2848	15258
3129	2628
3129	3725
3129	3606
3129	4116
5797	15247
4589	13005
6447	15377
7334	13187
876	14679
290	9830
4393	15164
4393	8433
4393	11599
4393	14797
4393	14917
4393	1833
4393	5389
4393	14415
4393	2079
4393	6945
4393	2652
4393	6465
4393	13069
4393	7640
4393	14167
4393	14288
4393	13749
4393	13573
4393	13662
4393	13703
4393	13669
4393	13552
4393	13810
4393	11100
4393	11724
4393	11511
9147	2821
3525	9706
1829	12619
4437	8724
4437	13977
954	276
3104	15313
1127	4845
6187	2470
5894	1193
3219	14660
5187	5808
6533	4298
4028	6039
7608	15292
6282	10413
6078	587
6282	11857
6282	6953
1791	9048
5669	3348
904	15107
7843	13210
7843	5738
7843	7284
480	10913
480	14878
2487	2787
2487	4639
2487	9057
2487	8681
4867	3772
9757	15320
9757	989
4533	7995
9757	14432
2170	14989
651	6213
651	15266
1996	4077
8500	15114
656	10355
7464	6349
4996	15247
288	13816
7574	3560
6761	9480
6761	5081
6761	8036
1380	5107
1276	1953
9671	6279
756	5866
2775	15258
2752	1491
6798	774
8440	15246
8281	15015
7820	12944
7614	15160
5927	2178
7550	15166
1484	6541
9091	10111
2935	10647
6165	9084
6165	14775
3506	11982
6427	9709
1159	4246
6427	15083
6427	15219
8053	9353
6427	14930
8246	15273
6427	15234
918	12690
1608	6002
7757	1409
7757	13313
7757	1227
7757	14398
7290	9768
7290	1306
7290	2415
5814	9033
7780	3985
1201	15366
5031	15307
1694	104
1694	3662
8285	5049
3429	589
3429	590
3429	6359
3282	1838
7030	8668
3282	14792
6840	772
6923	6457
17	14882
5848	8392
414	15377
4955	8446
14	6438
14	1067
14	382
4281	5824
4281	15246
4281	5527
4281	14763
4281	7565
4281	6673
4281	13762
4281	14883
4281	4099
4281	12560
4281	14887
8545	1316
4281	14697
4281	13272
4281	14437
8087	15377
6551	1076
5110	713
6464	8667
2339	559
2339	4439
9344	4873
9344	8217
2645	5570
617	14638
5282	8502
6427	5691
6427	9016
8449	15311
6695	9542
6193	5275
5803	3640
5803	4693
5669	1653
5803	13433
6451	1207
4774	15046
1262	10931
9645	2152
8613	15164
8613	15134
8613	15262
8613	6281
8613	13904
3729	14403
7445	10520
4601	15251
4601	14535
3086	14701
5379	13028
9552	5994
5379	15176
7048	2585
2381	13497
8920	15311
8920	15292
8920	14985
5425	10547
5425	14864
5425	7971
9234	7961
582	8093
957	10448
9051	4767
9051	866
9051	4045
9051	941
9051	2578
1753	5763
7938	15268
1753	14196
8571	12087
6257	15085
8571	14833
7309	5896
1753	10389
7309	9948
6890	2707
1753	6428
1660	1979
1753	13134
1753	13665
1753	8759
1753	7959
7618	7044
6929	15085
6929	13545
6929	15083
2173	2212
9242	2247
3603	3638
412	1115
412	6252
412	7707
2392	7044
1606	287
4012	13341
5599	10496
6016	12690
7308	15239
2964	2762
2209	15051
4648	15070
5415	6151
4952	4640
2348	10713
2348	13275
2348	13901
2348	12583
2348	11942
5740	15223
3316	2420
7712	5617
3048	2781
2400	3663
7566	3403
7566	3690
1151	8506
8612	5019
1581	15364
7618	6511
8607	14144
2902	2577
1267	5795
1267	3186
1267	4019
4062	14097
4062	7341
4062	11189
7511	12593
1810	3446
4514	2113
829	5307
7687	2193
7687	1864
7687	8985
7687	6585
7687	9524
7687	6865
7687	8780
7687	13993
7687	2691
7687	6661
7687	2754
7687	8983
7687	9319
7687	7035
7687	6612
4745	15041
9758	15339
379	1702
379	544
5015	3393
2902	2703
2568	15245
1037	7427
3675	8842
3675	5131
3675	13890
9081	15192
371	3399
2348	10025
2348	10773
8038	13631
9110	6930
9110	7348
1109	5721
8585	15326
3802	7753
4532	803
2115	15328
6252	4971
6341	2489
6341	3660
6341	2788
6341	8516
6341	2888
7476	14735
7427	15129
6535	1797
2844	4458
2844	11508
2844	5926
2844	3195
2844	14510
9442	1600
9442	10545
9442	441
9442	6855
9442	2234
7834	5932
1813	7144
9488	15092
9488	623
9488	14730
6571	15326
9488	11854
9488	9937
9488	12477
9488	10630
9488	12723
9488	11216
4798	542
5300	14420
232	12100
597	12583
7118	9052
9760	5412
9760	14301
4519	15242
4519	15320
7010	3622
7010	4449
7010	6311
4519	3551
5578	15326
5578	5790
5145	15242
5145	15319
5406	15293
999	6445
5233	14694
4788	8356
6981	9712
4589	2491
1228	15246
6981	15234
2521	14940
7151	594
7151	10787
9390	3329
7880	1184
7302	8134
4904	8309
745	8340
1671	11189
9556	9830
9556	3153
9556	14516
9556	10866
9556	10683
1592	7539
3707	6468
4557	12386
4557	10328
4557	7938
784	8219
784	3421
3926	14688
784	1324
5783	15314
5783	15220
5783	13401
7637	13344
7637	15172
7637	6179
7637	7891
850	8984
1973	5031
379	340
1973	6796
8215	10379
3195	6867
5665	15228
9154	2593
379	2831
379	2361
5156	940
4636	15093
5641	5278
2381	5519
7260	5453
2888	2707
5282	7859
883	2113
6019	12758
4020	15084
8530	2128
1753	6692
2886	15366
5688	15164
5688	15134
5688	15178
3092	5780
3092	0
4992	11334
5059	3020
2204	11494
8114	15150
5621	1354
178	9527
2381	12633
5379	15177
553	15246
553	3172
4863	7078
1564	7741
5304	15264
8031	3274
459	15407
819	8884
5860	7675
5860	12890
6840	15275
1628	5073
4192	2658
773	5150
1553	3645
3424	312
5165	15223
9298	15364
9269	2081
8330	914
8330	4305
8330	2031
8330	3895
5973	1407
4565	15326
1919	13870
4565	15164
4565	7826
7257	35
1356	10192
9700	15228
9700	15300
7494	7149
6564	3378
5607	12957
1810	6753
2708	15258
2708	15262
5055	1306
5055	10144
5814	771
8653	11583
1127	10266
5037	6470
371	14452
2361	14050
5947	2185
9276	9798
8273	7748
1262	9929
5723	14053
876	15157
1904	8031
1523	1909
6832	13451
6832	9180
8148	2858
9438	4794
3879	12723
2793	15258
2692	14917
2692	15121
2692	15123
9434	13627
6923	3005
6923	3003
6923	2954
6923	3001
6923	2955
7436	12393
6406	10298
6931	13599
6797	11170
6797	10360
9738	15194
4293	2022
4293	8926
1290	5041
92	11329
92	13695
547	4061
7494	8449
3958	3702
8215	13471
8215	12661
604	4646
604	7065
9118	11840
6581	6052
9157	13682
4199	8513
1316	11713
5544	15388
1262	10838
1241	9630
1241	12442
1241	12997
1241	13789
1241	4295
1241	13722
1241	7943
1241	9330
7363	8058
3101	140
656	11855
4317	6009
5156	8887
4317	4069
8017	15296
2644	4468
7965	9764
4273	7559
1780	15244
1780	14840
5003	8553
5003	9801
7651	2081
6923	10406
354	1865
354	3645
354	2082
1680	1510
1680	2968
1680	6690
1680	6303
1680	545
1680	2908
1680	3485
9176	11643
9176	1495
7674	15371
4860	721
3782	14871
3782	5058
9752	9947
9085	6713
9085	14933
2632	2174
4726	14840
4726	14018
4726	9596
1723	9676
7256	12535
2381	2527
2718	5551
8011	15306
1786	15301
1870	15178
1870	1990
6797	14942
6797	1268
2928	15041
2928	12621
2928	11143
5397	4035
4293	14179
4251	15194
3184	9684
2151	15346
4208	15193
4208	11781
3200	13215
3200	5989
7886	554
4176	5395
3707	1286
2273	10886
4317	14832
8672	6385
1467	15323
7511	13357
7511	2914
3077	14371
996	3355
7674	15204
1680	8945
5843	333
3501	14277
3129	1126
5220	11224
9304	559
2758	6169
2758	8512
4487	9306
5330	14986
6627	226
2586	15245
2586	11312
2586	10889
2586	14386
2586	13054
1895	14344
8613	15124
185	3081
3450	15323
4251	9926
9145	9503
9145	14756
5179	15258
9081	3527
3369	10594
3369	11574
5154	15299
9760	15061
9760	14909
4457	15320
697	5997
8003	15307
790	3643
790	14752
3122	5334
3122	8392
5676	1518
4076	15278
3122	9471
8775	14984
185	1807
7355	984
7015	3358
5599	8175
8714	12634
6189	7182
2880	2764
7486	9606
8130	1508
5462	4577
2525	1761
7589	6008
371	183
1513	15207
7274	5921
2531	6135
2531	224
6562	15124
617	1367
6824	15212
6824	15254
6969	5076
8693	15164
9390	13915
5320	10859
5320	10160
5320	15254
5379	15259
4526	9218
5853	7423
3360	14763
2062	13002
2062	5868
4019	14063
8514	15194
4368	15198
6356	2768
6356	4096
3200	6893
5437	2079
876	13701
3057	7974
995	2399
5691	10286
1513	14526
5527	15375
1291	14894
4799	11293
1291	15281
6451	4775
2341	2132
954	1995
6735	14799
6735	15311
982	3349
583	9128
459	11987
4429	4568
3830	3847
3506	15308
3707	4116
5064	11475
9477	15227
5655	2635
5105	2552
3993	15377
3943	14120
553	15278
553	380
553	15320
7918	3777
7918	7769
6914	15185
8264	15279
2322	2204
5797	15262
5599	10114
8033	14753
7418	1884
6689	413
5004	2403
5004	3030
433	2167
6575	4795
2602	7079
4146	15338
9067	14952
9067	15109
6371	264
9548	758
800	9489
3088	10137
8416	7153
790	10869
3150	13978
6755	1225
8089	5661
9287	2253
2518	14757
2518	15334
4541	10009
2381	12139
1159	12431
3999	6464
3999	12265
3999	15050
7327	15199
4835	14940
52	2371
4167	8099
4167	2381
399	4794
399	6626
7572	10557
4610	15383
4167	2890
4167	5308
7542	8497
7542	9138
7542	133
7680	6547
3016	5933
2810	14871
2273	10887
7374	5449
7374	6836
7374	9586
7374	8844
7374	256
7374	2627
7374	2505
7374	8
7374	8834
7374	4457
7374	7016
7374	6084
7374	6445
7374	526
6451	3079
5932	11499
7008	15301
7008	4262
7008	15025
7008	13764
7008	14909
7008	9455
2408	15271
4601	15291
4601	7259
4257	3255
4257	3691
4257	8582
5373	464
1973	2386
1671	6576
7470	5925
1689	8392
654	963
654	2900
8685	4000
3621	9439
9506	2974
341	5160
6557	12758
2525	6450
5670	14169
5980	8655
6931	353
6515	15133
616	4519
3019	4916
3019	3019
6700	10469
4565	15330
6859	6020
3891	8730
4935	9860
4589	12586
3485	15271
4610	15364
5354	13638
5354	2916
5354	2793
5354	9860
5354	2909
5354	3072
5354	2907
8503	15331
7073	5763
7073	2643
2393	15341
6653	465
3196	14452
3128	6135
3282	2725
9696	15265
9154	2471
3359	15268
6756	4923
9360	7483
7843	544
5506	5300
5506	7038
5506	1258
5506	1016
5506	15254
5506	4147
5506	14296
5506	8246
412	15376
412	15371
655	209
5106	13313
4560	5656
7445	14535
5743	6493
1155	8031
2185	15258
1155	15180
1900	5318
5549	15271
1138	15290
8579	14978
5549	13094
5549	6616
5549	4572
5549	10455
1346	15331
6568	14989
329	14912
6568	2599
899	15255
1882	8622
5107	11633
6063	15331
5423	1504
812	1507
3106	9745
5859	15330
7022	10957
5156	2261
6863	1248
9304	6750
4192	2990
9304	2928
3244	12470
3244	9869
2671	7546
5363	15339
1752	12180
6625	15164
7934	15234
510	12664
5381	1525
9276	14725
5647	408
5986	15320
3198	9348
2170	15309
3665	7753
2758	5826
1702	4157
918	2914
918	3789
5330	14975
4073	11607
2356	13425
3425	592
3425	2702
9275	2370
5808	1259
6246	2701
6246	8887
3124	14423
9310	1528
5599	10934
284	14652
243	2644
7494	3046
6923	1793
5304	312
8483	12359
6310	7716
5766	2231
5766	15314
930	14426
4192	301
1127	6578
7725	10080
7725	15093
2159	12353
2164	15381
7433	15324
2164	15275
1628	3317
3074	4235
4826	12813
3100	8859
3100	9778
3100	471
442	13955
442	15172
442	14882
3378	2079
697	14288
6152	3870
6310	11613
6310	10612
2373	13845
2373	15041
3789	9353
1423	7826
8303	10789
3365	14873
1816	15276
4942	7105
4271	2670
4271	6092
4271	5502
4271	4943
4271	5563
4271	6082
4271	572
4271	1023
8533	12554
8533	1098
8264	288
8814	15275
7403	4548
2318	4645
2318	12952
2318	8339
280	5549
2445	15324
6759	3302
1972	3436
3316	473
5691	10393
7403	2079
7403	14474
3360	15296
8386	14725
2799	5361
2930	14911
7529	7872
7529	15203
4526	14536
7529	2023
4526	13257
7529	14141
1603	13701
2385	15281
4927	2433
1627	14633
1627	6005
1627	14316
4293	7138
6745	5610
7403	11638
7403	6906
7403	10563
3383	15278
4133	8989
2879	15326
1581	9483
3076	4489
5454	15309
8832	7686
8832	13454
1527	3447
8832	3304
9143	15085
636	587
6142	6994
7403	4490
7403	6873
3618	15366
2397	7653
1555	10016
3363	6003
2404	3465
7511	8835
177	14929
5481	4957
7776	11729
5895	14993
2409	7037
94	11699
7403	5488
5471	7969
5471	15332
5471	9257
2758	6543
2758	14767
5471	592
211	9684
5797	15314
5797	15346
5797	15177
5354	395
699	14986
9146	13670
3197	2090
9146	5291
5895	8926
4192	826
9446	3838
9446	3642
9446	9052
9446	15077
9446	8927
9446	12366
2758	2675
7027	2877
4602	15351
5254	9977
8543	1213
8543	12712
8543	5769
9630	6527
4571	15420
668	7314
675	10206
7291	3603
7291	7966
9446	7426
9446	12452
9446	1069
7326	15308
8522	15355
5452	15420
4856	7818
9131	14401
1039	15410
7403	4032
7403	1840
7403	2080
7529	4908
7529	4927
7529	5817
7529	15050
4166	14307
4166	13925
4166	15097
4166	15094
2834	14196
9160	15406
4166	15260
2834	1246
1636	15371
2266	6520
1019	15331
1553	2204
6980	5271
8047	8118
8823	15406
8047	2164
8047	6311
8047	7994
8047	7795
904	3153
4497	15351
9091	15406
4094	626
5354	2919
1127	8995
2431	15420
4213	157
4133	15195
1380	8983
4133	10426
9131	6279
3147	7706
1046	15060
8591	1054
4990	15244
4990	6124
2380	8025
477	9008
477	9359
1541	12412
2528	986
4990	6684
3069	8789
3530	15410
461	11404
461	3353
461	4173
4694	15303
4590	15353
9356	4266
9356	2141
3568	8220
9356	6460
1712	15062
8007	15410
8007	15406
7232	6217
7232	1400
7232	15256
4736	5125
5365	15411
2182	15420
2182	14890
2762	14912
4133	13701
4133	15410
6721	1648
5480	14969
9360	12595
7335	13525
7335	12527
2854	15164
7279	15019
1514	5924
2063	312
912	7440
912	12934
912	15377
2063	3144
6561	10771
1127	9506
6982	9564
8030	15410
5105	2917
5105	8163
5105	766
4664	1384
2441	8999
2441	9002
2441	2561
2441	8475
2441	1674
2441	14982
2441	8745
4746	15164
4617	11925
9016	14673
7057	15410
5154	15410
3123	3493
7302	2077
7302	13445
8008	13284
8008	9010
3287	8565
349	15259
5724	15331
9652	7028
5892	4850
1185	11481
6923	2796
1972	2650
3804	4519
2399	15044
8671	7091
52	10266
4736	2489
5987	15015
4317	7003
2227	9813
612	2914
612	9463
2833	4179
6797	13549
7727	4730
4176	3643
6969	6123
3088	10866
3854	3954
6783	8611
3854	15326
6597	7638
6597	1909
2960	5760
2960	14884
2164	6212
8823	15413
4699	573
7712	6420
656	15334
8571	13854
9718	3500
9718	6467
4382	4972
475	8555
3208	15326
2952	15351
7741	14284
8607	15313
4398	11007
3480	14874
3719	9487
1694	5824
1694	4051
1694	6463
9360	6824
8114	4732
5647	14885
6756	6179
7699	15235
6564	6437
4328	4093
617	13664
4877	13427
7196	3609
3854	3349
2142	2491
2142	1552
379	2501
379	3531
8090	2212
8656	14966
3250	8578
9776	15410
6895	859
766	867
8394	4698
8394	4779
3480	15405
5156	5789
1694	5662
223	1817
5381	8411
7232	15064
2477	7967
2636	14741
3506	14495
1336	15203
2392	762
4019	13651
4019	15125
5843	3030
8700	15246
8758	11772
9396	6008
5822	614
3400	13647
8823	15198
3200	619
3200	5761
1770	13837
7142	9304
5702	14325
1921	14178
2201	535
6947	2081
6575	8040
9192	10724
3814	2921
2048	15296
3500	1052
6189	1204
2717	11962
6189	11984
3775	2985
769	2917
1581	7274
7433	15376
7517	14717
6142	14310
3069	8244
592	15353
5129	8008
2391	15375
6356	3568
4196	2412
5466	5523
5466	10927
5466	4614
5563	7395
6947	1833
1187	15346
6947	291
6947	1471
6947	12822
6147	14196
6947	11064
3282	15364
5814	155
9458	6470
6947	11066
6947	5000
6947	6256
2339	12027
9361	8866
9361	8847
9361	7621
9061	4492
9061	1951
9061	9405
9061	9408
9061	9403
2632	9185
9821	8540
1048	15465
9119	3036
2148	649
7769	9966
7769	14705
7769	11828
2007	5037
2007	199
7769	14922
3516	15383
2007	14981
9137	15254
7784	1471
4459	987
1786	10189
5459	8194
5459	4403
5459	5521
5459	11130
4565	13531
7759	6327
4565	15295
635	15324
2827	6239
6262	14196
2098	15195
518	15377
2233	15429
2854	15383
7327	1830
6465	15362
573	7274
563	15253
563	9964
699	2897
6830	9463
3916	15420
3916	15410
4317	4082
604	4208
604	3676
604	3648
604	1385
604	2132
3479	7834
487	2192
487	502
487	1029
487	4433
487	4823
5416	668
3233	13512
7142	7479
7142	13077
6186	7067
4349	6275
954	8405
7784	9829
2752	9072
8416	13143
9801	8214
8789	15465
412	3824
412	15208
412	15364
4843	12325
4843	10563
771	9649
7751	14714
2182	12616
5646	3001
1473	12183
7618	7006
7727	4743
4283	3787
9111	14400
9111	15178
9111	15293
578	6676
2290	15166
651	13359
651	1085
5536	13859
7449	9684
6947	294
7694	4103
7694	11178
3696	15273
7018	13356
7018	3065
4018	14288
1380	7177
3108	1732
3108	1641
3108	1640
6433	7691
4736	2476
3621	1631
1314	8243
4354	15180
3542	6873
8823	12276
6507	13009
7694	11580
1869	8256
7333	2785
1607	574
3088	14864
6685	15293
5511	5611
5511	2867
8521	8589
8521	1427
8521	5276
4488	5369
4488	14115
3055	15077
1058	5705
2578	12313
7917	15407
2688	2081
7712	2843
6018	14912
9657	2420
9657	2090
9657	2593
9657	3390
9657	2113
9657	7751
9657	3202
9657	2083
9657	3522
9657	8847
9657	7621
9657	1324
9657	3392
9657	2714
9657	2186
9657	661
9657	7758
9657	1758
6800	13156
9593	15326
708	978
5712	15271
8859	10278
7622	8576
8859	10271
697	15425
5332	1252
4068	893
9114	15215
7843	4072
3684	3291
5670	5051
5221	8645
3118	7027
7938	15194
5422	509
7752	15315
5943	2622
5086	1829
7489	15192
8334	6573
553	15178
553	276
5783	15135
5783	14714
3833	2821
868	4312
4754	14020
1550	15171
4397	15015
4397	13056
1870	15314
2793	15328
2542	6999
9361	5320
9361	3921
9361	51
6912	15410
6773	15328
4566	12773
4876	5046
3859	11400
6533	11031
8148	10028
7777	12823
4098	15265
9361	1092
9361	6311
9361	6470
806	1367
8699	11798
3019	3184
2445	13702
553	15271
1972	1098
7333	15339
7333	6849
1972	15204
1972	5316
1972	7393
1972	15293
3198	222
4328	15241
8191	2199
2636	12916
2342	13002
7776	14224
2537	11531
2537	9602
6798	4852
8543	4779
4317	13303
2911	15186
2911	15410
6684	703
2911	15364
2911	15271
2911	13415
8543	7445
2423	8598
4683	676
9147	10566
7599	3512
6800	10968
7073	5535
7073	7396
7712	1276
9170	12403
9170	5305
6143	15192
5133	15254
435	15035
4010	14009
435	14169
1111	15227
1111	15388
9759	9377
7809	116
7809	115
4192	2505
6143	15172
8777	15376
751	1241
6980	6541
6980	8885
4807	15280
4807	15411
3405	10028
3405	89
3405	13851
1801	2728
8990	14775
3506	15330
1727	15326
3814	4758
4317	8853
3957	12792
3957	4843
3957	11613
3957	6607
3957	4769
4768	12143
4224	4901
3768	6812
6633	8196
412	15278
412	2378
1972	2651
1972	15275
708	2196
8684	3592
3628	6773
3628	6927
3628	550
3628	2127
3628	2148
3485	15536
6330	15244
7694	10672
7694	8778
448	9180
3424	6624
3822	15338
8787	15416
4959	2716
7629	15350
9719	12924
5030	14961
4301	7679
8710	7918
7633	7044
5759	9001
3200	741
3728	6824
3200	6543
3728	1339
2930	7124
3652	3399
710	15198
6735	15423
8675	15465
6083	15326
11	3191
11	3282
4754	3703
8699	15213
8699	5082
6175	15415
8699	15366
4497	13898
528	1054
3383	15326
412	15344
6523	12978
850	6172
4030	15309
2041	2671
4630	6853
8932	13005
122	15371
5599	15410
9378	7245
947	614
4409	15217
1342	14882
2564	15285
8579	15227
904	15275
2510	7155
1606	15416
3839	10441
3839	15250
7057	15057
4319	15485
3615	4732
3615	12629
3615	6853
1079	9436
1079	8910
1079	9330
7633	13806
7633	4502
7633	5230
7633	13357
7633	12313
7633	12792
6427	15413
8038	11650
8038	14251
8038	2949
8038	12407
2758	13268
5546	4099
1392	11972
1392	13532
2954	15207
7694	10443
1264	15307
7694	2215
2707	15261
9595	5172
9595	15330
9595	15371
9595	15410
1149	12267
2012	15350
149	964
3822	15251
2924	1773
5254	15326
263	15235
5254	15371
9003	6626
518	15454
7338	4027
6821	13927
6821	15207
6821	15304
6821	15271
6821	9636
6821	4494
6821	4551
6821	3390
3494	13482
3494	9229
3494	6925
3494	1781
3494	9408
3494	4552
3494	740
3494	10268
3494	5997
3494	4326
3494	7012
3333	565
3494	15164
3494	83
6127	15128
491	15383
491	15320
491	15178
491	15351
5746	10041
7664	4511
6494	2531
1206	15486
1206	15267
6010	9107
2375	9578
2077	15185
9476	6690
6451	5056
8137	15376
778	10789
8137	15371
4251	5834
8585	15128
6125	5175
719	3660
4667	15370
5983	11358
4881	15326
5379	15383
4990	15376
2044	7160
6560	14636
9759	1444
6955	9551
8585	276
9332	12021
7291	2371
7291	10094
7291	2081
3789	15271
8051	15242
6225	10627
6225	1780
3374	2087
6371	11065
7664	4525
7664	4510
7664	876
7664	13666
7664	13215
7664	4548
5656	6081
1773	5148
2537	7570
3948	8343
4473	11025
6447	15285
6447	13713
2436	3364
9119	15429
5544	15416
2148	15301
7803	8278
4990	5700
4990	5578
4990	6326
4990	15271
4576	15210
4990	3352
7389	7334
8087	14635
8087	14022
8087	10371
702	10755
1254	4716
1254	4869
1254	12313
1254	3772
7390	3050
2232	15410
7421	15298
9339	11631
5895	4957
483	8043
2436	5921
2436	15278
4331	5355
2436	15220
3943	11360
2436	4265
2436	3363
6560	15271
483	14986
483	13834
3358	15046
9563	5767
9028	15441
3200	5470
7146	8926
1025	1329
5779	13714
5711	13005
1558	10535
4251	752
4455	3962
3208	4274
3208	15296
412	15330
1159	2189
7803	8105
7279	15337
8298	15392
8298	15180
4739	14697
8710	8746
4251	2955
4251	2954
6808	15066
5830	2285
5830	5084
5830	1098
7746	8392
6783	15313
7112	11188
475	8580
475	7699
1202	8940
810	4557
1202	11017
2833	6386
1202	9461
6848	7439
1202	14651
7664	2091
4251	3001
6345	11547
965	15403
5181	15342
412	15295
9620	11538
9620	14613
7257	15301
8675	15271
5662	5521
2947	15380
4251	3002
2105	13814
412	15299
7726	5548
7726	13613
412	15186
412	15406
1525	2412
412	15380
4133	15305
856	15326
5213	14472
3104	15395
9657	6827
9657	7009
9657	2084
9657	4972
9657	1254
9657	2894
9657	5549
9657	8820
9657	2839
1921	9745
7473	8468
2513	15378
6694	15350
4522	15371
672	15417
672	15416
6983	14086
5218	2990
2601	154
7425	15305
6286	3048
5636	14000
7893	14431
7893	4259
7893	6296
7893	7109
7893	15034
7111	15083
7658	4179
6623	14956
4361	1297
133	2786
2142	8551
4019	6155
4394	4641
4394	3341
4394	4526
4394	4990
4394	6071
4394	6075
4394	3638
4394	3349
4394	3345
4394	3344
4394	3340
4394	3342
6761	5621
6761	14966
48	9301
48	15163
48	13975
48	15110
5287	2935
7986	15147
2998	15378
2590	7456
2590	13925
1352	15019
6554	15254
8503	15457
9571	12712
2692	10898
2692	14665
7477	1851
702	4059
7020	87
8030	15386
4988	5039
651	8871
651	11248
651	9195
651	11801
651	8194
651	5086
651	3872
651	15278
651	10980
651	10957
651	4968
1807	3159
1807	3166
1807	8782
1807	10427
1807	8362
1807	3164
617	15289
8114	15281
6848	12846
1947	14543
7291	8653
553	359
2652	15378
553	15262
553	15465
4226	7502
2397	11429
2811	15296
7979	9052
7979	493
7979	12027
7979	3355
1633	424
612	738
4876	4074
1475	7958
32	9682
3231	15157
1441	5605
734	750
4251	2941
6682	15410
7752	4765
5617	7014
5617	1501
9697	13494
3891	9033
9018	15279
6818	3056
9719	628
692	14760
7934	15278
4251	3003
4102	2968
6909	15406
1111	15416
1111	15417
3860	14453
5212	14373
6403	2643
520	76
5212	6487
1135	15251
2537	8231
6702	7319
116	15378
918	1098
2797	10510
8671	3399
8671	15186
8671	2504
8671	2831
3372	2488
1921	6939
4178	15565
4251	2956
3253	3772
3253	14917
8710	13994
7663	271
7663	1105
7663	8044
7663	10036
7663	14865
6748	7300
9295	14283
1385	3727
2158	1707
3829	10936
6149	4116
5423	2179
7361	3869
7361	13227
9519	10002
7361	638
6923	6948
6923	6014
2928	15465
3485	14373
5801	2647
213	15418
3814	476
6824	14948
4192	6
4194	6934
222	15337
6687	5700
9673	15252
9673	14333
7789	15346
4815	4805
9703	14900
6065	15440
1475	1696
7789	14419
4317	8826
2150	15330
6681	2180
6648	8804
5154	15378
2322	2867
5154	15353
4409	13264
326	11594
6390	15353
8223	129
8223	126
4473	477
8264	15189
9085	15104
225	14705
1270	1537
1270	1448
1270	14719
3628	6684
3628	6979
1270	15381
8485	4512
5816	15216
1275	15353
4815	7896
483	4950
881	15301
881	15187
881	15155
3425	6206
7537	12810
7537	13214
4801	931
1507	11759
5939	15137
5939	15093
5939	8468
352	15047
352	14525
352	1844
9387	1885
6276	15288
1903	15336
8613	15314
3442	15161
8613	13898
8613	15351
7362	7066
7362	2860
7362	8194
6879	11143
8223	5045
8223	13860
8223	5051
8223	9001
8223	555
8223	13856
8223	4118
8223	301
8223	7242
8223	300
4281	11982
4281	7138
637	13677
957	15326
4423	11534
1681	5488
5308	8099
1513	15393
4251	2957
697	15457
3522	1541
3522	1248
3522	3153
1967	15211
1967	2787
1967	9016
9545	15085
9545	15048
2625	12995
2436	15092
2436	3365
2436	3367
6167	2097
5682	11360
4581	1533
4304	11133
5929	10738
5695	5018
5673	2361
4020	15085
4020	12137
7068	15499
7068	15503
9246	13989
3522	7634
3522	1919
3522	8340
3522	6878
3522	9830
2400	15353
1236	9830
9166	15336
4543	3560
7599	14900
3545	15500
2788	542
2788	4118
2788	4265
161	4112
2808	3026
6675	597
6007	3613
6007	2914
9221	14917
234	4219
234	13691
5379	15351
4155	15499
6499	15500
6007	3474
6007	2183
5330	15088
6007	3103
6007	9264
5712	15499
5330	4581
6007	3881
5330	14667
6007	74
6007	5618
6007	2422
5958	13170
9643	5360
9643	15133
6308	6281
8802	8275
8124	3195
7692	5982
904	4382
9620	1061
4784	343
4602	15500
85	9883
8060	15378
3933	9987
3104	7140
3933	9771
874	15107
8279	2648
897	14903
6453	2839
8526	2042
4251	8833
4409	8929
2393	15472
6343	4677
9534	15381
8878	13806
8878	1030
1550	15311
1550	15393
7081	3018
8223	10763
8223	302
8124	4336
2207	8196
463	9161
8102	3431
4996	12367
3418	6358
3466	2334
3418	1250
6777	1722
1269	2831
1269	831
849	15411
6017	14702
9311	12529
9311	12928
9311	7290
9311	9650
9311	11049
9311	5365
9311	8236
9311	10000
9311	8773
9311	9752
9311	6416
9311	11046
8278	1970
8911	15249
9335	15157
4992	5661
4317	5442
5293	15499
9384	5657
9384	14611
9384	15209
8124	3131
8124	10347
8124	4968
7426	2106
467	11089
467	13695
3218	15480
6235	3500
4641	15500
8343	7355
1760	9778
5311	15380
9384	9166
9384	9165
9384	7678
4251	4869
4493	4112
4493	11778
4493	10108
4493	6366
4493	2457
6310	6279
5629	9946
6906	6282
9384	15034
9384	8910
6139	15122
98	15171
4251	8013
9571	6574
7268	15499
1116	13905
8612	4418
9084	7686
8071	9089
9488	4527
9488	14712
8775	385
9488	13493
9062	12975
8865	15500
4097	15500
8418	7919
6181	2877
5347	15226
651	15322
651	12792
8170	9420
651	5980
651	10403
651	11138
980	15500
4630	6716
9446	2280
7714	12636
7137	15296
2970	5006
2970	4549
2456	15275
1523	813
2456	13279
5640	15500
8124	4433
8797	7987
2743	8361
2743	12237
2533	9947
6539	15474
8749	8256
2935	5380
3842	15383
2823	15390
7911	14275
8358	6699
1097	15260
1097	13964
7545	15499
7979	12026
7979	7172
7979	4147
6468	13898
4863	13481
7237	13619
6161	15499
4815	3641
5274	15427
8468	15295
3055	6464
5571	15433
5571	15500
5571	15245
5571	13748
5571	14419
3555	14688
2759	1283
7362	10455
6325	1292
6325	85
2833	331
2310	15205
6173	11371
4232	15503
6737	6063
6737	7865
4768	15381
4615	11428
1159	14235
8938	3895
87	15370
9823	11649
6117	8196
4708	11392
9563	4073
6658	7034
6658	4493
6658	1905
6658	5723
6658	4240
3254	15416
310	2771
9353	10051
9353	11235
3791	10069
9219	4191
2170	8790
1380	1288
6983	2894
4251	6724
9544	3663
4963	15500
6308	15041
553	15314
553	1634
5382	6744
8574	15500
6473	11723
7068	15497
1373	262
1373	1364
5354	259
5354	10147
4895	14660
8454	15383
8454	8146
8454	15262
3923	14478
8543	24
651	9947
651	5364
6451	12714
7205	3549
5293	15117
8256	15349
4996	15119
3978	15387
779	15362
9397	15337
5828	15281
3981	6622
907	15500
9555	15277
98	14594
2950	15311
7118	3666
8298	15499
4192	4700
553	15457
6054	15371
553	4045
3485	15535
6191	15293
4226	12774
4361	950
5273	14927
8984	15457
8675	15453
5273	14202
5161	15095
2805	6486
3518	15048
1321	13179
5676	15271
9246	2959
868	6224
6057	15514
1380	6135
8395	3906
4361	99
7118	6650
7820	15326
3308	15595
6745	4858
3970	15499
5536	5531
8548	8400
2218	15465
9384	14049
3212	3826
9214	15122
4565	13435
9173	2972
9173	15307
9173	15172
7218	14281
6945	7303
7493	9600
6945	9323
463	2886
5302	10189
2730	2463
4572	11517
2242	13185
2242	12377
2242	5702
3236	5089
4133	6123
204	15201
3222	10385
3542	2412
234	4644
234	4144
3210	14840
234	6338
234	9830
6421	8830
6421	2972
6421	5994
1127	14341
1744	15378
440	15497
440	15188
4328	15380
3684	9205
9425	15468
3999	5861
8474	15499
4743	569
4317	15536
8278	14035
1342	15198
2202	15295
3863	15139
5425	13275
9168	15478
8325	15435
772	6006
772	3314
8468	15330
5332	12792
5981	12306
5981	6432
5981	3308
5981	9930
5981	4438
5981	7065
5981	3317
5981	3928
5981	2566
5981	2860
3027	11429
5981	11081
3027	15000
3027	404
3027	15289
3027	14802
3027	15314
3027	13761
3027	14796
3027	15326
3027	15180
3027	12704
3027	15246
3027	14917
3027	8716
3027	13346
3027	1701
3027	955
3027	3377
3027	6906
3027	3352
3027	8027
3027	5495
3027	4513
3027	14638
3027	1619
3027	1361
3027	5492
3027	9127
3027	14401
3027	2945
3027	7467
1185	6236
2266	15182
331	14796
3678	7888
3685	15411
3678	2070
5354	14144
5354	2533
5354	5778
2924	13745
1002	11689
2793	7395
4487	5626
3668	15500
4487	6294
8579	15388
1315	8687
5640	15320
4641	15435
716	1246
716	2730
4604	1746
2904	15410
2206	15394
9696	13435
9696	15595
1255	13719
9118	15423
5218	4524
9678	14356
1780	14849
1741	15364
529	799
1255	4407
1255	4948
5179	15351
2074	15423
2074	15418
9482	1565
7720	4362
2468	15514
2961	15204
2961	15364
7853	7564
7853	4117
7853	3421
7853	4371
7853	280
7853	6750
7853	1601
7853	7832
4376	5406
474	11789
7853	2648
4251	9270
8025	4311
4251	3004
2456	13435
1393	10224
2456	4096
5052	15348
3789	5463
4251	9272
4251	3005
5430	13674
5599	5563
4253	4293
4417	2438
7520	15595
719	5110
4251	3048
3637	15367
4477	387
4477	835
1127	13512
1810	365
5785	6818
5282	14723
6225	7623
2965	5376
6770	15356
3395	14865
6770	15371
5866	15565
8017	15406
8017	15326
9252	7712
9252	2400
2894	15015
5769	13854
8865	14454
7728	10991
7728	5574
7728	3233
939	7886
414	15271
665	2899
7237	10863
9008	11687
8714	6644
3741	15168
1695	3590
1921	9630
2576	3250
8118	823
5830	10764
1167	2957
4907	15435
7274	15500
8465	1029
2436	15435
697	15426
7426	3971
6495	15458
6495	15172
5679	2097
2833	523
7945	15325
972	15447
5986	2623
2097	12601
2097	9026
6325	2377
8449	12103
8449	6911
2382	3077
9557	343
4281	15381
6560	13636
6560	7901
1814	14911
8074	15499
3288	7361
1912	1089
8865	15434
9263	15345
7484	3852
267	15279
6247	399
6247	4326
6247	7016
7982	3069
7982	3959
5359	15500
3477	5900
2051	9948
5340	4891
5340	3872
4509	14697
7653	15258
6560	15170
9752	2562
3433	1246
957	15330
1892	3663
7279	15392
8031	15500
6203	9439
6203	5474
6203	1646
6203	4157
8840	15324
6203	7495
6203	6359
4251	15500
939	6311
939	8847
4251	14917
4317	15535
1751	15486
7547	8278
1048	15436
4836	14331
5828	15307
4115	15331
3835	12748
875	15045
4065	15118
4281	1970
4281	6432
2692	14625
243	10178
9621	15514
8285	1874
2620	15373
2207	11098
3318	15535
2207	7651
5191	15422
8543	3314
854	15378
980	15442
4636	15376
7362	13296
3977	8139
8278	5532
2356	5652
5608	3794
8379	8775
8019	15450
3316	217
3316	8884
3316	5723
3316	4117
3316	2113
3316	3522
4642	10071
7652	3001
6035	15139
8298	15504
8298	15320
8298	14179
6535	5045
8298	13197
8298	14119
238	594
4866	15453
5411	15410
8298	15500
8283	3106
7445	8382
749	6531
1689	8201
2852	3975
920	15500
1895	4689
7988	15481
4761	1393
278	15450
6923	6287
6923	7294
7915	15189
9111	15246
7820	15380
1581	5834
7934	15246
6412	11269
47	14569
47	564
47	6105
1870	15500
473	3058
2878	13864
5927	6915
211	9585
211	14600
5676	14376
5676	15356
39	15451
8343	9445
4079	5278
4079	14706
4079	8036
4079	8033
6685	15281
771	3386
8102	2944
5024	15331
5024	2183
5024	2422
185	9011
1383	10997
756	13516
5052	13820
9063	15406
1475	5495
6852	11460
4012	7598
3569	12621
7777	5396
211	10874
7425	15139
4354	14277
5354	13417
4736	3115
8298	13666
4247	14831
7083	7106
7083	9182
7083	2415
697	15442
7401	10789
3069	7124
412	15450
937	3464
6931	4372
5669	14226
2833	7627
1677	6246
9748	3870
3529	2156
4293	6279
2436	12598
651	1687
1870	2730
2393	15467
8768	9764
8475	13435
4477	8023
4219	5565
4477	13307
4477	9198
814	12558
7934	15451
6673	1296
1042	14369
7274	13121
1042	10173
3690	13783
8512	15481
4784	2170
4784	1911
9082	15480
1202	3542
7727	12942
1346	15500
8613	2400
8613	14741
6602	15164
6602	13435
6602	15173
38	15285
1172	5655
3845	15432
3845	2250
3845	10838
3845	10956
3845	13857
3845	5537
3845	9318
3845	4898
3845	9595
3845	4414
3845	5905
3845	7812
3845	9929
3845	2362
3845	5661
3845	10264
3845	3164
3845	10501
7291	4371
7291	341
7291	1851
8912	14475
5355	3310
1722	15137
5203	11271
5927	4129
5939	9679
9031	14398
2533	15030
1682	3940
9031	10597
1682	925
5939	15126
6012	6217
1895	15422
8935	15331
1342	15450
4192	2413
9744	2879
5536	3806
7104	1612
6903	2282
5149	1811
3277	14748
3277	6334
3606	11583
3606	15499
4604	774
6855	15350
2635	1492
3485	13627
5987	10126
5332	10266
6882	3156
1672	3503
6947	13858
1672	7472
1007	15425
692	1552
9468	7650
438	8264
3189	5663
3189	13690
5220	11622
930	15500
9548	6483
6689	4990
4271	10109
4271	549
1046	4259
5513	15254
5513	2831
4985	4312
6376	1090
9719	15357
8147	5287
149	13319
9324	3177
8651	12243
3598	683
814	7229
814	15333
814	15169
814	9784
814	15228
814	15457
814	12626
354	8876
814	14126
2704	277
354	2489
5836	15406
5836	8104
650	15500
4167	15450
2974	15527
553	15371
553	1857
5655	3573
5655	3519
553	15535
7418	4044
553	306
553	6099
5578	8115
553	2590
553	15440
553	13214
553	181
5655	3645
9028	15347
2820	4615
3509	15347
4320	15392
4320	15250
7425	14467
3043	15434
5655	482
7131	7686
617	15260
617	15500
5822	5267
8936	12954
8936	13328
8442	13494
2284	721
9334	5174
1100	15386
4251	1987
2542	15416
2542	15413
5829	15495
982	14535
5110	9097
2463	341
2463	7121
9063	7434
5829	15456
3219	14755
8418	3598
8418	15499
5927	2412
2400	6316
9114	6344
9114	15529
5753	15422
9114	9981
120	1964
4720	5757
238	2533
8762	3047
9615	6608
8100	1594
2391	15462
2521	2573
2521	5646
2521	5642
2521	15110
873	7751
873	10455
9587	9193
4509	13933
5336	11740
5722	15464
5354	783
5354	12185
5354	3073
5354	12596
5354	14827
5354	2918
5354	14664
3347	15565
850	15289
2393	15512
310	13973
412	15378
6019	3367
4992	3461
4558	13307
4558	15132
4558	9198
4558	4570
4558	4592
4558	11565
4558	8221
8007	15530
98	5924
719	11377
4826	5591
2170	15424
2170	15468
4251	13204
6152	6881
1321	6191
1321	7438
1321	13778
2988	6191
1167	1912
4992	13659
3004	6853
7751	975
3004	15500
4487	15461
3690	10846
6704	4831
2793	3607
661	15530
745	3620
4251	13197
4251	13214
8397	15269
5816	5837
8397	15170
8397	15136
8397	15169
8397	14284
8397	12847
5365	15464
2686	5039
9020	1834
9020	1870
9020	2931
9020	719
9020	3277
9020	3617
9020	8823
8397	15294
2009	14971
8114	13864
9607	14975
3405	10783
5816	12587
7295	6567
4926	6308
3994	14437
6178	8983
6414	3505
2980	14773
1810	4433
4996	13435
1167	82
3198	15417
3090	15503
2167	14640
8905	15442
4572	6002
4572	14261
4572	6074
4572	6224
7278	1525
9240	2756
6923	13512
8008	10011
8100	13045
7838	167
4251	13666
5287	5656
7838	15500
8191	3905
7838	4457
7838	7016
7838	6445
7838	526
7838	158
9431	1969
1727	15178
5656	3344
8449	15490
8449	15326
4856	15482
1944	15380
5927	7436
3994	13714
651	2413
651	2909
651	12800
5438	15467
651	15435
4534	9110
4534	9630
4534	5237
4534	10264
4534	12827
8065	1504
8726	3764
4534	132
7864	2918
5191	15599
1982	15447
7011	11049
3147	7138
1741	15204
7250	6726
7036	11913
750	2649
1994	15473
2913	15447
9697	15467
3465	4121
5691	15458
2543	6235
5662	15255
814	13004
814	14678
814	11968
3406	14269
3406	15411
3406	4099
6879	8001
3975	15285
4736	1116
3525	10900
529	3895
6311	14562
472	14473
4815	5210
4455	2419
4455	12399
5187	2886
7810	13307
4642	6730
412	15451
6512	6316
2462	7369
177	15330
1392	10709
274	15289
6046	14851
3538	15422
7279	9886
5608	246
6787	1364
6787	3235
3717	13820
8216	14424
6824	15500
6824	15055
685	14799
685	2136
685	3189
7175	15125
705	2184
4281	15510
4281	15326
5379	15500
3838	6450
5359	15451
5062	6980
3719	15452
5462	9830
8754	9934
2946	799
553	15451
6453	1905
4630	6240
4251	14121
7289	9815
5943	1659
7289	311
2527	3023
6785	15504
6445	15482
3325	15254
3325	14385
3325	15266
3728	6327
3325	15447
3594	5856
3594	15500
3594	7527
3325	15268
5712	15538
8146	11120
8146	62
8146	65
8146	5846
8146	11112
8146	9593
8146	12621
2904	14401
5302	15422
7543	15393
3147	6241
4216	15478
4216	15392
4216	10218
4216	13763
8581	2919
2911	15226
3726	15499
930	4450
5811	74
5811	327
2664	6637
2872	7402
2743	14930
5676	462
5676	2992
2808	7747
2692	15020
651	2562
651	5315
2692	10868
6323	15392
9273	2420
9273	3522
9273	771
1043	3344
576	10254
1043	1263
480	13665
480	10567
480	13676
3774	1428
480	13134
3313	14912
4226	14063
3313	10654
7169	1205
7169	4659
3313	5426
162	812
162	2334
162	5041
162	10027
162	8085
162	8923
2637	6870
2637	2804
2637	13712
5846	4618
7801	4183
5289	15354
5594	15220
2063	14389
8237	3644
2322	15058
7804	15278
7804	1822
7804	11064
7804	10189
9606	15295
4962	15501
4962	13955
6296	15406
7953	4374
2828	13008
1488	5671
1488	1710
4807	15486
8372	13531
8372	13435
1948	15497
6827	15346
500	15310
8456	6983
8738	11006
9222	15583
412	10615
2314	15438
9186	15431
5107	4971
5107	3962
8283	9692
9740	15567
8109	15324
6575	1142
754	7609
7880	3782
4415	8730
373	5057
6254	6420
8690	9602
8263	1668
8263	4564
2308	4989
9815	2727
9815	1103
9815	2720
6096	15538
9644	13705
9644	14617
9644	5025
7118	12027
874	15122
874	14685
1151	12415
6562	15320
180	3295
180	365
180	8823
180	8999
180	9002
6731	15164
6427	15525
5712	15354
6427	10328
4281	15296
6427	15417
6427	15599
6427	15414
6931	15380
651	2831
5630	15346
3124	15438
3685	15210
1441	9403
3358	15436
4996	15296
4996	12976
4996	15330
1523	14852
2151	15354
3934	15538
8214	7914
1116	6788
6710	6544
7422	4689
6756	7109
4827	15451
1086	11209
412	2890
9672	6188
510	15305
8742	15530
1805	15351
4636	11711
4636	15244
4636	15271
8030	15495
8356	14790
177	14626
3684	14370
3684	2224
3684	8276
6379	6884
6379	4496
3288	7365
9568	15482
5413	3245
8552	5367
9154	2425
6227	7483
4340	15473
8370	14759
8370	15027
8370	15312
5228	6282
8370	13233
7403	1367
2318	9131
8370	13476
4794	7015
2799	15358
2799	13191
7642	9258
6748	2560
2576	1151
3818	15514
3818	4720
3818	4669
3818	3066
4981	1525
8283	8008
8672	15391
5138	2810
5937	8325
2044	15505
3802	15112
8915	15510
6592	15357
2284	5018
6143	9217
5785	15266
4992	2224
9318	6411
7136	15242
9318	3937
9318	7346
1303	1321
1303	2334
7578	15448
1303	5084
1303	15107
1303	6228
1303	7350
650	10843
7237	7023
448	8331
2044	15432
448	14930
7791	15269
6371	6076
7791	15526
6371	9793
7791	15433
7791	15300
7791	5303
7791	13173
7791	15327
7791	6495
7791	8659
6203	91
6203	8380
6203	3106
6203	652
6203	3329
6203	3800
6203	5695
6203	11105
6203	179
6203	4358
6203	2050
6203	1248
4877	15574
4877	12374
6203	8731
6203	3144
7791	14425
6203	10343
6203	4126
4198	15538
6203	919
7791	14987
7791	15060
7791	14725
7791	12771
7791	14686
7791	15270
7791	14192
1072	7627
1072	11565
1528	15353
1528	10048
650	15314
4638	15331
4638	2463
4638	5248
1167	2702
6288	8823
8161	4040
6288	8829
6288	8144
3789	15447
7816	15244
6756	3675
3147	2161
6756	5758
9143	15527
8158	11510
4251	9069
8907	13163
1043	4262
8907	13236
8907	13298
8017	15422
8017	15495
8017	15456
5771	5346
5771	14712
5438	3782
487	3039
487	9044
487	6284
487	9381
487	41
487	2695
6203	6942
6203	4125
6203	5998
6203	3130
6203	8151
6203	3746
6203	8321
6203	5607
281	14899
6203	5083
6203	6643
6203	6818
6203	184
6203	4130
6203	3052
7196	6543
2463	8547
2463	14398
9610	993
1607	2637
9457	1457
7967	15246
7967	4454
3867	1062
3867	1839
9779	14772
2416	7552
4280	15375
4280	5983
1092	15558
553	15456
904	12347
8840	15538
3485	15534
4664	3909
3680	4670
3925	14883
6882	1702
4317	15534
4596	2451
4596	2329
320	15219
9396	6811
9396	9844
1703	14452
9396	4597
9396	4585
9313	2742
4061	14434
7662	15045
9639	9982
7662	13488
9639	2412
9639	6532
9639	8994
9639	8995
9639	8993
9639	2120
9639	4527
9639	1729
9639	2727
9639	15164
9639	8028
7662	10870
9639	1011
9639	4555
9639	2119
9639	12621
9639	1851
9639	3485
9639	4613
9639	4594
9639	8835
9639	7145
9639	4569
9639	15041
9639	1200
9639	9696
9639	6868
9639	14217
9639	3888
3769	15558
5129	3731
5129	4891
5129	4942
5052	15139
3791	14718
573	14742
2530	2407
9434	341
5830	3483
6535	8926
1960	15575
1271	15390
1892	4942
1960	15409
7390	5343
8190	4498
8190	14799
8190	13627
4502	2767
4502	1033
2423	14595
9083	15392
9083	6224
9083	882
3077	14238
6505	14917
3414	15459
5646	2890
3389	6559
7876	15140
7876	14583
6852	8769
1668	5933
9645	15406
2065	4079
9703	7819
7131	12863
2393	15556
8077	6933
3298	5749
9291	10343
9291	3376
9291	11984
9291	210
9291	3647
9291	2025
6371	14962
1592	5921
1592	3363
1592	3364
1592	3369
1592	4830
4118	15478
1592	867
520	15380
520	14855
2142	775
4832	619
6371	11400
6371	4559
7254	15271
7254	15541
7254	9976
8278	4004
5532	7006
5532	2491
5532	3842
5532	5110
3298	1843
1423	307
749	15390
4675	14179
6044	3290
4675	14450
2339	10587
5438	15517
6863	2635
5031	15442
2781	4929
8859	15538
4102	3072
2318	2453
2318	4184
2318	1851
9291	5853
5438	8878
9604	15311
930	15354
9538	4109
6286	7007
3424	308
9538	14307
9538	1536
3147	9448
2030	11883
6453	1830
6590	8434
4010	5332
2065	6517
3801	769
6923	2882
6292	2166
7343	15482
38	15541
4683	4242
4683	4231
3801	14912
948	15558
3966	15164
3966	4214
3184	8206
4976	6230
4976	15311
2810	3727
211	14936
5646	766
5766	7638
5766	6575
5766	1909
5665	15457
5766	2446
9800	15139
7692	15408
6044	2312
9145	1795
129	15337
7642	15387
2808	14915
2868	15406
2868	15201
4784	4852
218	10958
2868	15530
1203	15442
9390	15378
4715	7616
2687	15201
616	3909
5274	15459
4592	9899
9098	9592
3966	15245
3966	15289
9522	5314
9522	2906
8397	14295
3032	15102
2015	6243
5638	15150
5638	15442
8859	11480
9761	15594
3850	11467
4451	15060
4451	3255
2924	9504
2924	7588
6225	12800
187	1046
1603	4929
1043	7088
1043	4658
1043	14475
1043	6236
6906	1752
553	3947
2082	9163
6276	15370
9525	11007
4617	13369
4282	11064
4247	3671
5674	7826
1735	4922
5332	8999
6371	9005
9610	5368
3975	15454
4312	10034
148	8214
8675	15422
8443	15206
2960	4540
8238	1149
8730	9461
8730	15249
8730	15218
8730	13900
3104	15509
6427	15636
453	15581
1489	15476
1895	15601
2960	5360
2960	14723
4715	6030
9669	15581
7752	10246
412	15491
4133	15576
9561	15403
852	15576
7714	15491
5183	15439
3868	15491
3868	15502
2248	15509
4610	15576
8441	15576
9154	3524
8840	15509
6756	10625
5204	8892
8281	1402
1359	15576
8090	15456
696	15315
696	15241
696	5127
637	15447
3196	12646
1124	1349
3112	614
3112	618
3112	1781
5646	8164
9364	8715
6218	15578
6218	15456
5525	15576
3055	3642
1254	14426
1167	11066
3147	6323
5113	15357
9595	15139
6221	15576
490	15538
477	15528
477	10879
6135	14732
843	3825
5866	13369
9335	15422
4866	7519
2692	14288
412	15576
198	8916
2692	12924
198	2547
7777	3995
110	1236
5797	15354
110	8847
2686	15491
6325	5570
6325	6002
2150	15500
5766	2444
1255	14933
1255	8768
7911	10455
4463	15595
7911	2186
5666	12107
9776	15576
493	15442
493	15500
784	13029
4667	15583
4642	8575
4642	10276
4642	7290
2446	10647
3966	15462
1022	3514
1022	15435
2393	15554
1022	13083
3128	15576
6189	11160
1441	5685
5363	14389
4497	15578
4856	15601
2531	3230
2531	5728
7699	15515
7506	2130
916	5063
8358	6904
553	5027
553	1867
553	15594
1810	15266
190	7640
3433	10195
9534	812
1396	14062
650	7402
1727	15369
1727	6771
438	15451
6639	15457
1484	15491
2408	15480
3841	5561
9240	352
7293	3100
5828	15442
7692	10122
4171	15576
6905	535
6905	5357
7809	8340
1869	1518
5293	14135
3976	11323
3976	14647
3976	10820
8035	15658
282	15264
477	10433
477	1353
8823	15439
6879	4762
6554	6170
4497	15446
3658	12106
8358	11825
1757	15479
7915	6726
354	756
3966	15444
3719	7781
3236	3058
354	4844
354	2836
7576	5566
5635	3984
6931	15254
228	15450
6411	9240
6966	15531
6966	15489
2947	15576
3673	15581
3673	12091
1973	8911
5601	1742
8648	2923
5192	3051
9063	8258
7712	10028
2	6119
7988	14253
3722	3522
2050	15262
3541	2968
4312	94
3114	2010
5742	12884
5742	8971
278	1063
3386	8431
4888	15271
9557	10266
8273	2395
4039	12587
5638	15500
5638	15281
5638	14767
5638	13656
5638	13381
5363	15530
5030	15576
6143	14723
2697	12143
2697	15510
9441	14878
7506	3295
2322	15530
2322	14567
2322	14822
2322	15575
2322	5824
2322	2371
2322	15066
2322	2261
2322	1324
2322	15070
2322	13994
2322	11988
2322	3516
2322	13454
2322	1793
2322	14474
2322	8139
2322	12154
2322	8284
2322	14344
2322	14077
2322	7717
2322	10197
6765	14604
6765	10155
2841	5606
7934	1326
207	15576
3684	10635
6798	2281
8449	8148
8449	9625
2588	4121
3684	4232
4753	5816
3980	15530
3980	15380
3980	15576
650	13723
6773	15576
7392	2786
4753	10143
4753	13209
7169	4489
7169	5707
7169	258
7146	5220
1092	15561
2880	2882
2880	1210
6810	629
6036	12465
6036	11669
4610	15559
5155	15576
8007	15576
9482	15501
8007	15491
4770	15220
1649	5030
1649	6599
1649	9489
5274	11624
8114	8739
6325	4843
8079	12950
8449	15551
3976	7088
4888	15561
1298	10212
7864	12633
7864	2625
8754	12986
6445	15360
9516	15358
8278	6796
38	15393
38	15453
7357	15492
1841	15607
4015	15410
2686	15559
2447	3376
1382	15490
8675	15471
7531	6431
6371	7987
2539	7170
1647	5557
1116	1383
7500	732
7500	9280
7500	4527
7500	3419
7500	558
7500	509
7500	158
7500	740
7500	267
3188	6141
3188	1358
4518	15515
5800	13108
7267	2445
6293	15376
6293	15583
3706	15476
3841	6855
2045	7543
9425	15586
2062	9629
1654	974
4133	4871
6839	14241
3530	15576
1667	4457
1667	10659
1202	7065
1202	6837
7692	15163
4404	7264
6743	6233
9154	1810
4251	5765
1960	15502
745	8812
7850	15495
7850	15456
8671	1196
8671	6163
9410	15595
3110	10486
337	2609
3110	9405
2653	15445
112	15581
6850	15206
2015	15395
3119	9099
8725	15550
8784	6882
2401	6032
274	15354
3673	14230
7823	15432
7872	14495
2528	1048
3958	9334
7022	3326
7022	2795
8498	3660
8498	8882
8686	7266
6077	15587
8261	14185
5467	15608
1436	8523
515	11612
6902	4871
553	3026
553	15354
553	625
553	6563
553	15554
1165	15264
1165	15354
218	3382
8714	2324
8714	5817
8017	15601
7541	12052
7541	2277
5152	15125
8299	2054
5332	9000
2408	15333
4866	15471
2386	15354
8237	15464
3966	15574
9441	12594
5749	3051
8094	12982
9696	15602
1533	15442
8529	10665
5783	15164
8673	14839
7589	14495
7252	1573
1786	14145
1043	13826
972	15107
972	15554
7050	3093
7050	12010
1275	15526
9145	9502
8671	9077
8671	3613
8671	12792
8543	506
8842	5248
5657	2961
762	15460
1303	5959
3542	4741
5313	14960
161	15271
5313	13298
5313	14382
5313	100
161	4739
5313	14300
5313	14348
5313	10811
5313	8876
5313	13936
5313	10398
5313	168
5313	10557
161	4622
5313	11158
5313	8697
5313	13404
5313	13163
9003	10245
9349	14745
7934	15406
8298	15509
2207	8866
2652	15198
3966	15587
1526	15403
6957	5817
5168	489
5168	15382
904	15374
7062	15561
3364	12621
3364	4490
3364	4124
3364	2127
3364	13422
3364	6360
3364	5674
3364	11143
3364	6929
3364	11661
635	810
9049	15417
2226	6434
9049	15298
9049	15388
9049	15227
9049	15085
9049	15084
9049	13747
9049	13501
9018	1956
5656	6780
3184	209
7834	4120
3534	7812
8529	8766
3309	14831
3683	38
2019	5051
9049	14925
1971	128
2019	10114
9049	14750
9049	13420
1971	8363
518	13505
518	12682
3364	9808
3364	9175
9396	312
9049	13526
9049	14965
3831	2557
9049	14174
9049	14978
7727	4979
7728	5174
9049	14979
5417	6278
9049	14726
6931	11835
9000	15602
5016	10521
3675	5108
3675	3797
4251	8470
5532	35
5637	15330
5749	5945
8298	15561
7430	15360
8529	2563
412	13578
8574	15532
2173	14397
4738	918
2531	1949
2531	5729
6590	11643
8477	4448
8477	4933
8477	10545
8477	14434
2632	9982
3032	101
8797	7729
868	15578
2993	7909
6178	5310
7278	10538
5479	7207
7230	15255
9653	3584
9653	5306
2631	15383
5674	5604
5674	509
2318	10864
2318	5339
7142	15399
980	15645
3484	15537
904	11415
3147	6030
388	15611
7263	15635
1533	15587
412	15544
4198	12308
1689	9684
8430	14740
1172	2474
1172	9753
4198	6938
7726	15616
2475	15504
515	913
6946	4728
2860	5815
2860	15456
5641	15428
6160	15361
6160	15602
6160	15300
4133	15590
852	15611
7520	15588
7040	9427
9352	15600
3092	378
2307	15641
2307	15558
5192	2078
5983	7760
5674	3144
5674	14581
5674	4452
4497	15544
3283	5196
4827	15491
9518	15517
4675	15580
5668	1851
6288	15544
4133	15544
1991	8781
412	3620
412	4852
5638	15354
8159	7298
8159	6261
4962	9684
4962	9878
8159	8315
8159	11149
412	15387
412	15593
412	15337
412	15199
412	15204
3628	5527
3628	1538
4133	40
7877	15455
4641	15524
4641	15437
4641	15442
4641	15373
4641	15173
2692	14614
8823	15428
7540	1900
1960	15305
897	272
5332	9004
2194	8549
412	11060
9044	12587
9044	9830
412	12792
412	14495
4974	4257
5686	15278
4981	1198
1654	4508
6839	15456
6135	15602
7364	14774
9191	15371
8352	8088
553	6464
553	15561
4192	11251
6042	650
8503	15645
377	10868
9431	15275
3976	15361
3976	14127
3976	1231
4196	4774
3976	15406
5326	15493
8514	9830
8676	15326
6177	9887
2381	15562
5048	1303
8116	15590
5032	15048
5032	6993
5032	10839
5032	4937
697	10168
697	15477
5797	15561
4910	1419
9779	743
5797	15455
5379	15354
4640	15562
8195	4705
1722	15491
2992	15361
5439	2188
4155	15354
8868	15306
7237	12386
773	15526
412	5685
250	15645
1037	11600
4460	15379
2531	6481
6044	6230
6909	15491
3560	14347
8195	3673
7022	6374
6685	12910
1527	6586
1159	15430
5986	15472
3530	11209
8966	9585
8966	12290
8966	6908
8966	12127
8966	11449
8966	12158
5999	9060
9475	13736
6579	5352
4797	12679
5937	15526
7146	3711
4736	3279
8887	15578
3305	15525
2729	15357
5641	15188
3112	4687
558	15645
726	6903
2985	12605
7278	1467
8581	12169
8581	10094
3872	14115
3984	4221
2644	14631
4801	2103
154	775
154	3255
234	7750
234	86
2960	7177
3400	12868
8696	6009
3400	7535
3400	7538
4768	15592
3074	7486
1579	13903
4565	1364
4292	15527
8714	6354
274	6724
740	5630
5321	4059
2868	15635
8607	2908
117	793
1865	1603
582	15460
55	631
4806	15456
8079	14570
3981	1215
6901	3352
2339	8380
4733	7868
6539	13435
9490	14799
5332	9005
553	3594
553	7452
8675	15361
8533	12377
8229	3950
9534	5467
8648	9163
3618	15581
9201	5662
8503	15624
553	15580
6371	10343
8775	9240
6886	14853
6886	4823
5420	15576
6886	10036
4318	11847
5848	9487
5340	3259
5340	1079
5340	2634
7474	15326
5379	6723
7988	15639
7783	6151
6737	15107
3995	3971
3995	4651
7934	15593
3355	2808
3355	3967
9504	2206
1342	8494
3401	10869
5244	15103
6243	3800
2793	2447
9000	15549
8229	14265
779	9737
7680	15380
7680	15530
7680	15066
7680	2241
1437	15624
2180	15490
3400	7826
1921	8236
2834	14452
4565	6960
4565	13546
5315	9879
4630	15491
4898	15565
1913	1337
1913	13253
1913	1364
1913	4446
1913	1653
1913	6838
4888	7860
1267	3818
7780	240
6898	2346
6474	15429
8510	15624
7709	14176
5463	6957
8936	15601
6571	15639
3218	15401
5929	13994
6105	9638
5152	15347
2090	14897
2090	10178
2090	210
5138	930
5138	2827
868	10292
868	8122
868	15453
897	12757
9601	15561
5670	14159
5641	15588
6768	15361
6768	15401
4640	15630
412	7638
412	1797
9723	6449
9621	15286
412	6438
412	3052
464	3222
7397	15419
7397	15382
7397	15377
632	15580
2284	10563
5638	15262
7278	1374
2235	6161
3188	7682
9753	2918
9208	14851
6221	6172
5797	15607
806	8816
7233	15401
4487	10179
7449	12465
1487	15419
1962	15509
2564	15490
1433	15148
9378	15139
6305	6606
6305	14535
6305	14842
999	10266
5766	11127
7669	13915
6247	9384
7669	15517
796	15526
796	3849
6125	15402
8416	15623
582	15423
9646	15624
4097	14486
5332	7987
1419	4066
1254	14906
1254	1512
1254	13898
1254	7018
7880	6151
7880	1851
1254	10068
1254	8954
1254	13126
6669	15639
1254	6301
1254	5287
6395	9366
1254	2128
1254	14346
1254	13630
1254	14288
1254	13014
1254	10612
3395	15554
8180	5444
8041	14710
3198	9684
7050	3026
5072	15402
6476	5968
412	6484
4226	15119
9186	15624
5518	12678
2151	15500
7998	14132
2650	15624
3105	5851
1400	14725
1400	10263
9761	2361
7233	15419
3032	14389
1400	9434
1400	6009
5231	3960
3568	2788
762	15592
2823	8368
506	15401
506	15419
7727	7736
520	9864
9761	2725
520	15550
5785	15341
7728	5823
7728	10073
9182	5225
9761	2728
9761	2727
9761	2726
9617	4529
9761	3718
1160	15658
8370	10636
4133	15664
6923	4569
4484	15361
5840	15525
4084	4727
3189	12894
3224	1119
1400	15310
9696	15624
1400	13218
422	15544
5148	15650
4553	15456
9202	5853
2052	15515
2525	8631
2525	7022
5640	14917
7841	15462
7841	15485
4479	8700
8737	1431
8737	3010
8737	4495
8737	4004
8737	606
8737	3842
8737	5110
7083	3668
1982	15350
7083	4144
7083	7572
7083	2078
5438	15611
117	804
2954	14515
7870	15559
9761	15586
1232	15361
9761	15492
2393	1281
9475	15334
9475	6993
6197	15624
9761	15611
9761	1692
9219	3408
9210	2025
1354	2815
9761	13713
8895	2383
8895	5716
8895	7360
8895	5051
6992	4968
7432	15317
205	10857
5379	15509
9017	7515
2342	15154
7240	15422
7240	15495
6143	4986
8995	7542
5315	7689
5315	7677
9593	14617
4133	15675
7449	209
288	7808
288	11429
288	7653
288	11633
288	10869
288	5744
3415	3199
9475	13055
2077	15624
3208	15592
3208	15544
312	13564
9291	8999
2599	14976
8394	13635
354	4738
6016	4179
8349	9407
8349	9396
412	15533
6439	3373
354	3144
4358	15082
7831	15706
7830	15706
3568	4579
6755	9270
6755	15639
2314	15484
2090	14200
9295	15501
9154	15401
2981	7914
4739	15592
4739	15544
3438	4833
2928	15638
2928	15624
2928	10759
8616	1995
1122	15707
1990	15325
945	5813
1990	11878
4368	12276
8081	15122
4230	6648
8648	10111
8648	7155
1553	10258
5733	15495
9757	3663
9757	13860
9757	12679
469	3366
469	2753
469	2781
469	12978
469	2624
2809	12303
2870	14926
4219	15550
9157	3799
1913	7161
5741	15620
8577	3150
1433	14778
1433	7096
1433	10773
1433	7218
1433	14685
2247	15639
2247	5508
2247	2019
2247	2060
2247	2478
2247	3051
2247	3606
2247	1518
2247	9638
5438	12502
4640	15402
7212	2955
7212	9272
7212	3002
7212	9407
2097	15513
9186	14397
4760	15526
9181	13973
8353	15164
947	14775
947	5660
947	4675
947	3522
4424	971
4361	1129
3147	5489
676	1193
676	1239
2692	9254
2692	8699
676	785
2692	12236
1482	15539
6931	13889
8936	10502
4795	15637
1971	180
1971	12951
1971	13634
6479	1505
1971	9365
526	15581
1971	10640
1971	14040
1971	8396
1971	13604
1971	9601
518	15686
1971	5976
1706	15624
1433	14803
1433	5131
1971	11180
1996	8578
1971	7149
7061	15673
1971	13021
1810	7588
1810	5335
1971	14556
1971	13623
1971	14133
1971	2870
5203	1841
5203	2022
7040	5844
1971	10288
3755	3016
1069	11517
6662	6096
2825	15451
8503	15691
2392	15576
84	15644
4106	8194
412	871
650	15561
650	10100
9761	15592
3055	10015
7077	2371
7250	15400
4684	8147
9368	15245
4728	6123
412	15516
3567	1785
6560	15540
9725	15515
8979	15624
8979	10933
871	14020
5263	5788
9167	9975
6149	3916
1119	8383
9552	15430
1126	14536
2393	4099
6939	15673
6939	15672
7684	4458
8672	15041
8672	15491
8672	15581
8672	15451
5031	15532
6143	9347
7432	11366
3713	5473
8612	4830
4024	15561
3731	7441
3147	7041
1433	14313
1433	8008
3459	15593
1550	15665
1303	14349
1303	6325
6275	4919
8087	13547
8087	8675
9748	13028
4697	15477
290	6338
290	5300
8246	15379
8386	72
3451	15096
3451	14049
3451	13697
3451	7109
3451	14192
4079	9365
9681	878
8712	15707
3582	15337
2044	15623
2871	15551
5637	15493
9518	15476
1519	8697
1519	10877
1519	14000
1519	8731
1519	3153
1519	3916
8124	15033
1519	5126
1519	2545
1519	3517
1519	9193
1519	10061
1519	4655
1519	5867
1519	5763
5846	87
1158	9936
2400	12748
8995	6199
8995	12679
7993	2521
4650	15422
6912	15611
3321	8982
2958	837
8209	15509
4197	15491
8833	15592
4404	5688
9537	2245
9537	1494
9537	1875
2840	4982
2840	15641
2373	15641
4131	14607
999	15354
8682	13435
8591	15410
2751	3385
5347	15140
9192	14508
2751	6705
5417	8124
4192	2080
1174	15664
5669	3249
5511	15521
8387	15637
8387	15387
5033	1663
1298	11590
1298	5549
1713	15378
9696	15542
9154	1091
2392	15530
6203	4768
6203	4767
3697	840
3697	825
2584	15597
9642	6915
9642	6305
9642	8994
9642	5488
9642	8996
9642	5479
9642	14004
7542	14066
5315	10507
5866	14827
980	15597
6452	15576
8675	15624
3698	15675
5149	271
66	15624
4851	8926
3358	13898
3358	15561
6836	15655
4108	867
4108	15566
2050	15597
8503	15697
4947	15464
5025	3839
7425	15663
5025	3755
2076	15697
3975	15352
8087	13551
6795	10421
9703	15445
9703	15449
8030	15663
2092	12025
9157	15546
2686	15697
2210	7541
110	3233
7233	15112
2015	15493
9380	1773
2935	4510
8726	15699
8011	15383
1060	198
1060	2707
3600	15369
6129	6194
4630	13856
7083	8133
2811	15295
5348	15602
6412	2600
941	371
1315	15227
4590	15356
1050	13571
1050	8444
1050	4089
1050	3586
1050	2453
1050	2569
1050	2461
1050	2236
1050	4776
1050	4830
1050	8443
1050	990
9649	15634
1050	2788
1050	3621
1050	6115
1050	1254
1050	2675
1050	3292
1050	2831
1050	4665
515	589
515	3341
515	10968
515	4526
9215	1692
8489	13192
9215	4574
9215	1057
9215	348
9215	4575
9215	6300
9215	2290
9215	5045
8654	15586
8654	15567
8489	9920
3914	10820
5725	3004
5725	4869
5725	3049
5725	5345
5725	2941
5725	8833
5725	3003
5725	3048
5725	3002
5725	3001
5725	3005
5725	2955
5725	14917
2392	1536
2092	13490
129	15548
6755	4869
7170	15639
8502	15602
8502	15361
5818	6306
3972	13305
9552	15520
7739	15278
8710	14694
8213	15697
6640	5070
2976	9193
9587	15591
412	15555
412	5854
515	6074
515	7245
162	7816
515	2251
515	4641
1063	15491
6609	15697
4183	15597
5469	15561
7397	15697
3491	15369
9407	13066
9407	15541
412	15637
412	12626
2198	15376
7961	15672
3885	7006
5990	654
518	15706
5332	8993
5332	8994
4711	13435
7425	15557
7022	2797
7022	15624
3779	15697
8968	15697
28	15625
28	15516
3854	2193
3854	2412
6811	15042
6811	11156
2394	13231
9154	15033
6589	15697
3122	14470
8500	15296
8500	15592
756	12955
175	15561
3466	3685
4996	15578
1418	15718
676	3602
575	5630
8648	824
8648	15502
8493	8709
5951	11966
4192	873
769	15562
3923	5406
4441	11791
9417	13296
2322	15218
2322	15186
2322	15406
2322	15544
3053	15551
4300	15699
2382	14713
1206	15676
945	15697
7752	9436
5001	5305
5001	1885
5001	3047
1451	15699
5001	306
5001	302
1451	15460
5001	2603
5001	305
5001	311
5001	300
5001	303
5001	1096
5001	304
5001	3002
5001	3001
5001	2954
5001	2955
5001	2725
8787	15368
8299	3834
632	15697
412	15203
1165	15455
9644	3051
7777	6633
9621	15697
1019	15697
298	14188
595	15500
5764	8318
585	15510
78	1359
5674	8256
7099	15643
2278	13615
7520	15697
8584	12358
3966	15566
3966	15666
3966	15402
3900	15384
1805	15455
1805	15500
4641	6433
4641	15402
4697	12374
4641	15597
4838	15335
2465	12654
8611	15626
8611	15621
5467	4158
662	12242
662	13899
3690	9965
6681	5982
3690	7447
9801	10241
5379	2831
3516	15607
5892	2498
7043	1516
5001	176
5001	4871
5895	764
5001	4627
5001	6612
5001	1480
5001	4602
5001	4454
8819	10066
4480	15446
9778	15448
42	15198
42	15491
5001	9319
5181	15509
7093	2324
3919	14467
6131	14639
5662	15320
8341	80
5662	15618
5662	15530
5662	15066
4303	15624
4974	15697
3355	10209
3184	8058
3184	14930
6679	15624
6679	15697
9344	1851
4520	15378
7305	15315
56	878
56	15500
7042	4184
9479	5360
1841	15598
676	7550
676	3655
676	5396
676	627
676	2842
676	3254
6366	15532
7019	7938
487	15697
9632	15665
9632	15031
916	4533
7107	13366
234	8603
7050	15592
3973	12183
9690	15504
4429	15597
5052	16
412	947
3128	15620
4133	13856
1346	14772
1346	15375
2077	15361
4338	5965
4338	7034
4516	15561
1418	4874
1890	12442
1890	9549
1529	9180
3201	15622
2285	4649
2285	13088
2285	15197
2285	3605
5646	6560
2285	242
275	6565
2652	5489
6123	1979
9639	9360
9639	761
3060	3985
6343	14473
5617	1225
810	6771
7506	3649
8944	15581
4300	15034
1870	15354
771	15302
771	11521
8683	15598
771	7490
771	9265
771	5757
8683	13268
8683	9100
9206	15639
2891	3975
4456	15533
220	2714
4461	6146
6698	15379
582	11106
5949	14767
5949	1502
6304	14334
6505	3364
6304	8008
6304	2140
6255	7496
6125	15558
7086	14688
904	3766
9183	4228
225	15188
3124	15586
553	1671
553	6835
553	15592
4187	1276
5729	15580
2833	4570
5766	5839
515	14536
6912	14996
4404	8904
1671	2153
4131	15624
4131	15697
8129	5265
8129	10811
8129	13942
8129	13636
8129	6281
8129	14640
8129	8059
4850	15550
4484	5864
2799	15401
3016	15542
1810	13838
2235	7155
5879	15602
7872	15625
2400	5604
1969	3036
5379	12205
2044	15620
3304	4258
2847	15681
3304	7098
3304	2634
1461	15697
7435	15548
1461	1603
1590	15498
8794	15699
1120	3630
933	15697
5892	2265
6318	1634
1998	15625
3231	15546
3104	15655
3104	15589
6128	2913
9643	15503
6128	15684
6128	4673
4565	6424
4565	15459
850	7808
9643	15432
2617	8823
7999	5386
1982	15549
2823	8367
5599	1306
4169	15419
814	15646
814	10022
814	10470
814	1022
9601	15607
1022	15466
8312	15326
6390	15697
243	3581
243	4739
4169	14766
9451	15544
9451	15624
4123	795
8613	15224
8613	15544
7445	11982
5363	15602
5363	15697
1150	14464
6465	15602
8514	3588
1713	15661
1713	15556
8514	4266
9679	15242
5384	15550
5669	2985
5384	8999
488	15041
2044	6939
4456	15641
2044	11162
3940	15609
2339	3831
5379	971
5281	15493
4863	9112
1270	12688
1270	547
6759	600
2095	6052
6262	15697
6322	15697
8307	1673
4667	8253
6882	11942
3755	15628
3755	5731
486	6583
2142	6622
9194	264
1810	6420
9602	15653
9602	6283
1488	6012
1488	7760
9602	6449
1461	15706
7767	15697
3170	15509
2994	1717
8891	14688
9757	10094
9757	5049
1963	6444
7838	13669
2933	6654
5784	15641
5830	3383
9181	9005
9664	12784
8675	15653
8675	15609
3529	4161
3529	4228
3529	6838
3529	9002
2797	11077
1726	3643
8129	14964
8129	7213
78	15620
9083	15147
2658	15613
6852	7182
7353	14370
7603	12715
7425	15389
5031	15558
4666	15211
7545	15497
1764	1829
6177	15675
2955	15588
8508	12508
1981	4693
945	2743
5806	14097
3129	2114
3129	1125
4155	15641
4155	15481
9759	15624
1789	2276
3842	922
3439	15681
7547	4663
3803	624
8202	15681
412	5768
7680	3126
7680	14564
7680	4074
7293	9030
3200	15150
3200	1360
875	2434
875	2186
182	15129
1453	7927
8262	15521
2994	1759
6773	10722
5637	15522
2650	15700
5417	2729
4595	4889
586	1373
4630	8460
1064	10398
7040	15697
7627	5917
1833	5123
5869	15058
413	15648
5581	5699
6278	10680
7488	5110
2677	474
2393	4034
411	15546
5601	11692
2015	7386
7034	7348
7034	5998
7034	6325
7034	3181
553	165
553	15560
824	15566
5349	9841
5933	8276
4349	14556
4832	3663
5379	5097
4061	15361
356	15697
8017	15520
8017	15578
9089	6363
9089	6622
8685	568
4111	8047
322	15602
7080	4486
1969	3948
1969	6163
2842	15637
4349	5643
841	4289
3712	15673
3712	15672
6220	15709
5859	15653
5375	15539
4565	6684
5491	15697
4565	15342
4565	13860
3977	1284
7688	15532
4097	15613
3768	7867
3128	15675
9252	7710
9252	3646
9252	724
9252	7889
9252	5388
9252	3666
9252	5052
9252	4550
7842	10781
6719	358
1519	6344
1519	4121
1519	1670
9601	15664
8579	4886
5282	15642
6547	15664
2917	1851
3141	7751
6769	15499
6769	13864
6769	14593
2917	11425
4338	7076
327	15421
2276	14865
4171	15410
7560	15499
412	5961
412	15559
9273	1937
412	15495
4615	14563
3031	7726
412	15456
3031	3292
3031	7819
8840	15709
3031	9181
3031	3813
3031	8339
6359	5929
3031	3463
412	15631
3975	15662
4895	11692
9366	15440
37	4320
9067	13246
3613	15641
4471	14620
4855	3974
4855	4890
7425	7496
4228	12580
3475	15590
2201	2582
6469	14982
6469	4461
6469	4545
9552	15509
3479	15620
2725	15656
2725	13996
7993	6386
9443	15624
716	7870
2177	15697
2177	3949
2177	4652
2177	14196
7080	8131
7080	3531
2447	13352
5617	69
3069	5258
7626	15613
5548	15603
5548	15549
4927	3518
2409	15606
2409	15639
2409	1574
2409	292
3975	15706
1701	15548
7692	9684
7692	11062
288	3807
4257	8563
9789	10134
9789	7724
9789	7723
744	15551
7356	9976
744	15565
5231	5442
6855	11206
6923	1510
6923	2371
9215	1262
3582	14478
5901	15326
5218	4538
2393	14772
8124	1327
8858	1973
8858	11639
8858	11097
8858	7640
8858	2445
8858	1017
8866	2899
5006	8363
9235	10908
8866	15471
515	3337
515	10448
5123	15495
8503	15701
705	15178
8285	10846
5580	15381
7603	6489
4257	3102
5332	5947
9425	15542
1393	52
7880	3663
1393	14397
5379	15607
1179	15157
7426	215
3713	10455
7687	9350
7569	374
2867	8161
2793	15449
1550	15551
6123	2832
8912	15583
4519	15359
8866	15465
8866	3413
8866	1851
8866	14461
2030	13439
1441	3710
9206	10912
3449	15491
1512	15095
1512	15576
1512	15293
1512	15376
1512	1811
5676	2365
5676	15706
1763	1579
1763	4144
1763	2492
586	1376
5386	12718
5379	15566
2686	15710
412	15717
6984	12904
6984	14928
2039	15592
7599	7360
2368	4147
9304	6096
5179	6721
5877	7718
1581	2890
3073	9790
412	10651
4959	15526
4959	5231
3218	15615
412	4099
7494	11981
7912	9930
7912	6438
7912	1851
412	8846
7912	15450
412	7762
412	14673
162	911
3215	14803
412	12184
6525	15566
6206	13958
7218	15597
5553	12661
5553	15428
1954	2467
1954	15484
791	14699
791	3321
4562	5539
3020	14397
6983	14675
4583	4701
9191	417
4565	12679
9318	15697
354	2065
354	3243
948	14441
354	2286
1590	15387
8465	5559
8465	15364
2904	15681
9597	1500
8449	15628
8449	12425
2662	15624
3838	5600
412	12639
412	12508
227	14881
412	14842
412	14535
586	1378
6310	9771
9360	4266
9629	15540
4998	15548
87	15544
7127	327
7127	7177
7127	320
7127	326
7127	322
9291	3115
6090	15520
412	12168
3600	15427
1373	493
1373	7342
8840	15655
8124	6565
8124	2994
9153	972
2105	15638
3635	15700
7864	13002
7864	7170
7864	5868
5813	15563
9772	15397
9607	11957
799	10774
1946	14395
9295	15192
4860	15651
138	15697
4061	15577
5763	1593
5989	15548
3078	11055
9194	14543
3137	1522
7266	15697
553	7758
553	4867
553	714
6923	4613
6923	4555
5387	15649
112	15707
6882	15697
9153	207
9153	2489
9153	509
9153	1053
4628	5645
2187	15548
5203	9887
2765	5708
5203	15675
1649	5794
6713	7703
4359	15206
110	10992
361	425
3104	15709
6713	10244
3936	6087
5466	8197
1883	15387
9044	4144
9044	3120
1883	936
2976	10562
5903	15624
1883	15330
4502	4733
4502	12401
6125	15395
8866	3933
8248	2773
3831	15639
4555	5805
9246	9145
4555	15597
1869	15722
4555	8382
322	15482
7585	570
3525	15170
9483	13982
6898	15005
2142	3870
2142	1793
7685	15575
4349	12420
1484	4505
8605	7363
9192	14938
5856	1294
5856	1304
5856	1301
5856	1300
2687	15611
5856	1302
2687	15609
2687	4041
5856	1303
2687	10600
2687	8290
5856	6301
5856	3560
5856	1305
5856	9829
5856	2562
5856	1298
5856	5315
2687	7987
2687	15589
5856	7283
5856	3968
5856	7066
5856	3704
5856	3317
5856	3928
5856	2566
5856	3310
2930	2579
7137	15620
7040	11061
896	10034
7433	15620
4555	9002
2395	15548
3542	9511
1128	14543
1128	13898
1128	15598
1128	15455
8144	3304
1821	8678
7349	5259
7349	2266
7349	15267
4718	4958
273	13735
273	7209
273	1851
5564	11023
273	7179
9236	1797
3184	5335
310	3250
1698	14933
795	5049
795	5056
3355	1249
586	8750
4191	14916
847	15663
2793	15559
2151	15499
5147	15386
5147	15576
3684	13476
3684	11334
3684	7482
7916	15697
7916	15180
1757	13297
7916	15710
9562	15545
9562	8698
4215	615
102	15032
102	14814
6769	15455
412	14344
4832	15493
2714	2653
3088	15624
3088	5604
697	13778
4592	15697
5796	2608
1030	13771
1030	15625
1030	15513
7564	15697
8081	15401
8129	13134
8129	15331
8129	14917
6743	5006
8190	2169
5908	15483
9765	5757
7247	15679
6461	9737
5455	5433
5937	15624
393	15566
3899	7600
4177	8986
4863	15613
5105	8164
4863	12477
5105	15380
7425	12536
1694	1213
4863	15373
4841	9077
8975	15626
8345	745
2937	8984
7291	4747
7291	13839
3864	11366
5279	15648
5279	15633
3611	4140
6122	3036
273	5947
273	8999
7653	15710
705	15614
705	7952
4409	14733
7428	9670
7428	107
7428	7728
7428	11684
7428	7727
7428	3092
7428	8891
7428	8378
7428	5429
7428	2983
7428	7800
7428	4104
7428	6338
9554	15384
9554	15413
9554	15581
3248	3516
3600	15509
3535	15169
3535	12558
5961	1424
5228	15710
9235	10324
9235	1913
7362	10550
202	8484
38	11619
6903	15630
6903	15306
8762	15206
8762	15679
8762	15578
8762	322
6055	3450
2400	5024
4704	15389
1975	186
4704	15445
6262	15207
5349	6213
5349	12133
5785	15616
9760	15685
8075	15135
8075	15124
6923	14595
750	7096
8118	15544
8118	15445
8118	15624
6562	15566
8675	15548
8395	3105
6562	15592
5591	1502
7136	347
7342	5995
5335	5784
716	7365
2115	14063
2392	15258
4711	9295
6427	15506
3200	3364
5379	15679
5325	15123
7727	15672
6882	14016
4346	15448
5830	15602
7515	14525
8124	3429
7083	6814
7083	6721
7083	8678
7083	3450
1649	5506
1649	6804
6385	3800
9031	15331
9335	6739
9570	13636
4788	3872
5438	15515
6541	11505
4437	15706
2290	10804
5455	3417
7515	11974
7529	15656
7529	15706
7529	15697
9252	3702
6289	4675
3738	3033
3738	8576
3863	15675
4292	10939
3387	14849
9516	9517
8872	12601
8872	15220
3466	6668
7425	15675
2425	12212
9522	5685
9522	14271
2899	15326
2899	14493
5332	8998
8307	3450
8307	2157
553	15700
8307	15697
553	4661
553	15548
553	15710
267	15696
850	15466
6946	14753
6143	10635
5734	11748
4581	15254
117	5475
2810	4258
5949	10824
4683	15562
7530	8916
7530	15047
1606	15397
6229	11305
6427	15678
918	4847
283	15598
5244	7188
5244	134
4620	15609
4620	15717
8830	12439
4620	7520
4620	15578
7116	9038
5244	135
8134	8581
6736	15646
7422	15463
81	15158
81	12559
2080	15697
1945	15294
3177	15649
2765	10563
4317	6107
5875	2834
9257	15491
3466	3120
3466	6652
2807	15586
2807	15543
1718	15125
6035	15620
8302	3807
4851	15569
5455	980
7511	3576
7274	5534
7274	13914
5599	960
400	4965
96	7572
2937	9392
2937	1768
914	15365
7274	14772
5349	5942
8786	10612
4761	15649
2656	3015
8826	15636
7959	1904
7959	1269
1612	9208
9578	15649
6723	15701
5015	6311
5015	2177
5015	4562
4263	9278
5791	14607
1109	5442
2919	15400
2919	15513
5790	8160
8180	7526
5790	2556
7327	15548
586	6094
3395	15709
3395	15625
3395	15722
6952	12842
3885	15697
234	7762
3434	15359
8089	10299
1336	15697
1336	15637
7355	12517
7355	11779
7355	15122
7355	2008
6821	15464
2156	15697
3054	2114
9778	15444
5591	6004
18	6842
5571	15243
5571	15477
5571	15042
3237	5953
4317	4726
6814	15076
4317	2575
5797	15598
2356	10879
2038	9139
2038	12209
2038	6389
2038	12150
2038	3247
2038	11467
2038	4423
1576	15406
5972	4700
6414	5892
1545	10407
3386	1805
7050	15697
3634	2103
7220	15548
1634	15497
1634	15503
668	10361
2652	14856
1385	12748
1385	5025
1550	15628
8657	7241
4509	2765
4509	5386
4509	2153
4509	2764
800	14778
4509	6316
4690	3358
4640	15090
7362	1851
3144	15393
3479	15569
8852	7736
8648	6161
8648	14535
6418	4364
6418	7504
8396	5089
1170	15283
5098	15150
2847	15710
6109	15713
6884	5564
4411	14264
6931	15685
8591	15569
586	468
7482	7578
6983	45
6983	4460
556	1785
2860	4428
5722	7950
4586	9241
8444	15623
1470	7509
1470	1653
4133	3112
896	2048
896	2634
6310	15624
7279	15697
7911	5661
92	2253
8800	1336
7868	7608
141	183
141	4826
4199	15134
7094	15357
1491	1201
1491	286
1491	2465
1491	1899
1491	4347
1491	4270
1491	4342
1491	3126
1491	2269
8124	8252
1491	13502
1491	4498
6664	15706
8357	15472
7694	15563
8357	14404
7694	15556
330	2987
4192	6239
5021	199
6533	7832
9552	15628
9602	15406
1392	12687
3442	15401
8247	15538
8247	15164
8247	15434
8247	300
4095	15445
1442	15533
5986	15696
5986	15639
9696	15120
7756	15665
7756	14103
7756	15662
8887	15679
2437	15337
8479	5464
8479	4311
2028	13056
2028	14969
7934	15381
2278	15611
1415	15114
4061	15628
9369	9482
9369	15504
5425	15594
5425	15487
5190	15593
9407	15551
9407	15706
1019	15240
1019	14815
9407	15026
7911	721
1954	15624
3668	11531
1639	5777
1392	15429
8738	14280
9757	643
4502	15710
8396	14101
8396	2831
9044	6657
9752	5315
2983	14690
6398	9182
4868	15576
7667	15398
7667	14260
2692	15246
2169	7712
842	15697
2169	188
2169	8436
4623	13368
3379	7686
3379	2044
3412	10051
6037	15493
2169	1754
2169	15245
2169	7168
2169	13307
2169	10158
2169	1019
2169	2693
2169	1582
2169	2014
2169	1583
2169	2751
2169	644
2631	15634
2169	1043
2169	2400
2169	651
2169	8738
2169	9198
2169	887
2169	1012
2169	10302
2169	10754
2169	1822
2169	3935
2169	4527
2915	7982
2169	11565
2169	5388
2169	646
2169	5947
2631	15435
2169	395
2169	1029
2169	11105
2631	14288
2169	6552
5301	7948
4888	6282
5102	9744
9181	15070
9181	10949
305	6005
4875	8436
4875	8433
7613	803
5797	15597
5794	15171
1669	13256
3101	3250
5676	8882
553	5045
3101	4424
3101	7332
6689	764
3855	14098
3855	8711
7274	15637
7982	8447
5524	649
4828	15513
6198	7290
9779	8648
8010	15700
8010	3144
1337	3640
4337	15326
8578	15635
5018	15349
377	8407
8809	1584
8809	9936
8809	256
8809	6985
8809	12810
3484	15431
6379	15624
4133	6030
4133	16
8858	14971
7801	15424
7801	13532
8223	14903
8223	6240
8223	4688
6143	4232
3490	15630
158	4980
158	3893
5495	6585
5495	8495
5495	6853
5495	7059
5495	1569
5495	7044
5495	14920
158	15529
158	5167
158	2914
158	15405
158	5630
158	544
158	7762
158	7477
158	9580
158	4178
7637	15642
310	15664
553	6010
1873	678
1873	572
553	13781
553	6084
553	4376
4192	15523
553	4445
6923	2035
6403	3905
8079	7713
8395	3418
8395	10731
8395	4813
8395	13719
8700	15620
6501	10148
533	10176
533	3189
8229	6097
8492	14066
3713	1324
1601	831
1601	2831
427	12252
533	1250
5225	12897
533	8194
533	6420
7137	15466
8514	909
6152	8460
4338	3916
4338	3969
2222	14530
2222	12386
2576	4237
6681	15101
2222	10069
5703	15410
6403	1608
6403	3831
8031	15509
3124	15164
8926	15484
7285	10712
2533	10094
7294	7241
2533	2567
2533	6059
2533	523
8585	13934
2533	8823
2533	8829
6947	5523
4226	15054
4823	15604
4933	15706
5263	3418
5976	7920
6933	6893
6933	3368
3542	6838
9181	5049
8223	5305
8223	7075
8223	310
8223	1874
8223	183
8759	15406
7529	15637
2911	15681
2392	8382
9258	10326
3842	5503
9150	1568
9150	9761
9150	12235
1007	15641
6999	15625
7127	15717
377	12401
8833	15625
4461	8633
8395	1608
7856	10789
6490	2417
7856	9432
7856	2987
4736	4372
5646	717
2917	15301
8672	15546
1463	14029
6247	790
533	5826
533	7776
533	9947
533	5145
533	994
533	3387
533	2687
8878	15597
8878	15354
697	15737
5381	1364
3872	771
4106	1324
4106	1659
4534	6645
4534	6667
7823	15675
4667	14657
5793	3842
5793	9701
939	8479
378	15681
939	15697
3674	9909
2519	15635
4888	7432
1043	15293
6289	6013
6755	15453
5634	15455
9154	6059
2366	3565
2366	5876
797	15206
9157	13994
5895	5952
2446	14803
3122	8449
3159	15397
7547	10527
4406	8411
2409	15615
2540	2969
9380	4847
17	8730
17	1471
1	11061
4593	14026
4593	6354
4593	6878
4593	5541
4593	12501
4593	14772
4593	8816
4593	1949
4593	8640
4593	15512
4593	15556
4593	11443
2692	15072
4753	4915
6128	14112
6990	15098
6990	15428
6990	4877
5576	8363
8601	15697
8601	12378
116	4416
9180	15469
8757	861
8757	15697
3947	7791
9563	15098
1174	15548
9348	7762
1553	14264
5462	14743
5462	13196
6719	7526
6719	3827
8931	6469
6719	1911
2322	733
2322	15364
6923	4514
4798	13197
4798	2931
9621	15467
3415	15624
7137	15326
9599	15576
7362	14004
7653	15679
58	11820
8739	15361
6727	14310
7469	15455
3713	15518
3713	14268
3141	3536
2222	15516
2222	7947
4615	15597
7576	8468
7463	5601
7071	2491
4736	6151
7274	15470
9258	2850
690	15722
9546	10039
9194	2277
3073	2891
5410	15515
1954	7292
4102	8085
9431	15244
7183	8868
9298	15204
8229	15356
8229	8194
7841	15173
4709	15393
4709	15700
4709	15171
4709	15025
4709	6870
5225	14568
5537	4846
5015	11377
4753	3904
7557	6960
5392	15706
1170	10123
7135	14062
5840	15397
3855	920
7135	635
7135	4638
6143	14836
4746	14995
842	15480
71	1213
6901	7918
5406	15679
3614	2005
3614	5167
3614	8216
3614	1227
8581	8745
8496	15637
3614	3164
1236	6851
5816	3790
8810	13639
4788	4130
5470	4446
1525	11105
1525	7633
5470	1653
5470	5479
2241	5883
553	15566
553	4869
6900	15610
3437	15509
4310	5687
2970	15706
8964	14231
3981	14710
8161	1068
3981	4283
990	9241
2960	459
2960	15584
2960	14179
8496	15661
8496	14815
2782	15424
2782	15596
2782	15567
2782	11380
2782	8640
8613	15597
8613	15613
8613	15598
8613	15561
5688	15176
5688	15354
5688	15499
4641	15558
4641	15598
1797	5741
7088	6634
8672	14541
1342	15389
5379	139
5379	2491
5379	15018
8079	9081
8079	4888
3849	15411
3849	15125
3542	1088
1236	15491
6089	14772
6089	9499
8956	9380
8956	8642
8956	15633
8956	8703
8956	13899
6089	11061
8449	11469
8449	14246
6089	4847
6089	8644
6089	14685
6923	1693
6089	10781
6089	4864
6089	4034
6089	3208
6089	2518
6089	10540
6089	1272
6089	14002
6931	1157
9645	15581
8577	1036
8577	15700
8129	10810
8129	15284
1869	8591
4768	7179
3484	15569
947	2608
