2947	14995
4454	9006
3999	10650
1585	14873
2801	14995
5544	14965
1057	8661
4049	5660
4049	7241
4049	9541
4049	11139
2015	11649
6356	5110
1659	645
4317	9990
2090	9352
1201	7544
8804	1319
8804	2969
8804	4737
8804	1321
794	14917
8984	9823
7618	9463
7618	14417
7618	1841
7618	11142
3540	3364
4047	8212
6538	13333
3540	790
1950	4053
3540	12810
2955	15020
2519	14697
2500	845
3107	3716
5647	13950
7224	1258
7077	595
7077	15007
1636	14460
1636	3264
1068	14400
4217	7795
4217	2560
490	14454
4217	8338
1583	5127
9232	10032
1583	11049
1583	7543
1583	7536
1583	7539
1583	7827
1583	9400
1583	9398
1583	3095
1583	7341
1583	1355
1583	4876
1583	9406
1583	5078
1583	11945
1583	6843
1583	9402
2032	14871
1745	11138
1583	9487
1583	7554
1583	3190
5330	14220
3540	7624
3540	2100
310	14823
2203	5078
2132	10065
6167	14133
3380	10828
1546	6466
2801	14840
1395	3441
7841	9407
7368	14826
7368	15047
4719	13093
9769	14817
626	12398
541	99
541	1990
4285	14772
7056	12936
2927	8430
9016	13105
8079	3957
697	14995
6252	8450
9105	3606
4457	13737
4284	14877
9373	5222
4284	1643
4284	12140
9176	5307
9176	4730
9176	8926
9176	3096
9176	9045
6340	2591
9176	4640
9176	3571
9176	3975
4011	5778
9508	3834
8945	9578
9176	4504
9176	1527
9176	11273
3123	573
9176	4583
9176	759
9176	6229
9176	775
8815	14515
9176	1524
2342	14231
9176	774
9176	11259
9176	4729
9176	4616
7388	14713
7388	11486
9176	844
7677	8947
5176	10174
7388	5233
9176	843
9176	9418
9176	587
9176	8326
9176	4508
9176	5310
9176	8407
8883	829
9176	2530
9176	2529
9176	1526
6579	8805
9176	1693
9044	9930
9176	4479
9176	628
6173	8366
1178	8876
1178	12557
1178	4455
1178	1684
1178	7420
1178	14364
1178	13557
1178	1896
1178	4218
1178	7640
1178	1098
1178	3604
1178	6155
1178	5761
1178	14261
4029	6114
4317	14398
7750	9924
1005	14885
805	3626
2169	742
3835	7762
626	14736
5453	4372
6078	7813
6884	8507
8384	14999
4097	14135
8332	13558
1629	13433
4097	14740
1924	4312
7480	6656
8657	14935
3308	15058
691	11278
4826	8194
4826	14995
8144	13168
1186	13940
5304	14441
6702	3805
3978	14871
1952	7812
3540	11867
617	764
5766	559
4826	10176
3641	13359
3641	11664
6191	6967
9210	9421
9210	8097
301	6420
301	1813
2588	14989
9599	14683
9599	14995
5111	14977
7917	2420
7917	1758
6709	4199
6709	3061
5111	14740
8191	11499
6583	6724
6781	1676
6781	708
5323	9677
4888	13904
412	14871
3741	3735
813	6210
813	6001
4398	4838
4398	11820
4398	11104
2809	3453
3975	14351
4398	7812
4398	14706
4303	6119
8200	6960
6247	668
8543	2865
8543	1196
8543	9114
7432	14107
3208	10684
2377	14191
3208	2022
5988	7281
6442	1381
5988	6809
1564	10609
3060	4891
5798	10214
2533	2334
5111	14797
6373	2290
6373	1880
6373	1851
6373	803
8915	8411
8915	1501
939	1772
6373	2220
2609	14680
2436	15000
9117	3711
8777	14475
8441	15039
6247	3365
2322	14962
7388	3561
5172	7727
4117	7268
585	9224
585	5783
585	10741
7149	13687
1395	533
6781	387
6468	15023
7603	14432
4736	3097
4497	15007
6854	2872
6854	466
9568	14507
947	14787
947	3208
5927	4506
6854	6652
7276	2311
6494	7314
8367	9035
8367	2415
8367	12727
8367	14228
5248	11964
5248	9496
5248	14547
6662	12241
5269	363
5248	14230
4076	4968
5248	13634
5248	13847
5248	14369
5248	6741
2780	1993
796	976
6854	8171
6854	2544
6854	5015
2461	12016
6854	480
6854	483
6854	1712
6854	3328
6854	2391
6854	2392
2578	3236
6886	14045
1752	7345
696	7650
696	9603
696	12668
696	4788
696	10484
696	5642
9684	10036
696	4333
1752	14549
9684	472
1752	14344
9684	6909
8210	10858
8210	8707
8210	14213
7392	7526
458	14316
458	14511
6482	14395
6946	15021
7158	3516
2993	5309
8780	85
7137	2988
1178	1489
1178	1487
1178	1488
6747	13761
5937	11061
3187	14766
2015	14433
354	5824
354	4069
1178	542
1178	14288
1178	6568
1178	2431
1178	9280
1178	14266
1178	4265
1178	371
1178	7016
1178	11448
4258	57
9799	2417
4258	13270
4258	13378
4258	1609
3605	4987
826	5273
4258	3307
4567	9055
5927	13217
5988	6853
3578	3173
8122	14439
5987	14871
2233	5662
2964	2991
1484	3594
7314	2067
176	11273
176	3702
176	5009
176	11259
176	13284
176	4155
7445	10922
2013	14652
3128	14880
166	14917
166	14928
166	6155
166	7826
166	3003
6589	5583
8794	14965
8794	11986
8794	13020
4590	14107
9602	8158
9154	2174
4590	1548
651	6870
651	2281
8859	15039
3694	14004
6757	4586
8206	14894
8367	14839
7843	12259
7843	6864
7843	7212
7278	2552
672	14965
4029	10573
3882	14870
8745	14551
3377	11572
1834	7939
9434	4964
3625	11258
715	14750
6074	6712
548	9500
2148	14006
1201	14835
2804	14995
9064	10707
9064	10569
2281	12800
6765	14214
813	6224
4348	10444
2823	2095
1286	9500
1286	9501
5727	1354
4003	14899
3189	13659
9669	14634
6510	5652
1191	14989
9403	1919
9403	7038
2534	6510
2480	6460
5284	8007
5796	8338
5960	4316
5796	1954
5796	689
5983	5580
4192	1104
245	3779
7275	5640
8411	6859
6356	1747
2937	8926
2937	4730
1085	6406
1085	1306
1085	3234
1085	4797
1085	4746
764	14505
764	8586
764	6178
8526	5853
5321	2447
5321	1066
965	15047
4029	11967
7275	5638
614	3054
626	12215
5323	9559
8611	8630
8611	5443
8611	13147
7620	12929
553	15000
8125	13515
4192	1117
8714	13995
1688	2782
9602	4980
1950	2103
1950	6325
3229	11507
9600	2899
190	9359
8714	9411
5215	11074
1085	5512
1085	4648
1085	3737
8232	14277
9482	11429
1674	14697
4348	6976
190	9408
4348	9027
4348	2408
4348	6738
4348	12616
4348	8915
4348	3175
4348	10874
4348	7149
9156	4204
814	14964
8232	14697
7136	2758
9447	5817
8232	14683
8232	14426
8263	14630
2072	14861
2072	14917
516	13763
516	831
5952	5479
8147	6386
8147	6844
8147	8509
1962	5991
7733	6343
2167	14665
5299	4989
2436	9026
3797	14849
8783	13621
8783	12887
4398	4409
8586	3747
8399	4352
7856	718
6081	13578
149	6789
4856	6046
553	4178
1094	13979
8978	5687
3548	12286
8760	7868
4243	8298
7181	14589
2347	1112
5708	11087
2237	13187
2237	13990
553	4214
8833	14495
6216	10077
617	3888
6669	14962
3248	3254
8465	14650
3673	2250
3208	14755
6773	14231
7445	14842
9702	9506
9702	13920
9702	5464
9702	3861
9702	3772
7551	979
8468	15021
8053	8851
3485	14633
5840	14584
8917	7344
6014	2621
6014	250
6014	6895
6014	1928
6014	7244
6014	2290
6014	2140
6014	2350
6014	14183
6014	3025
8795	14839
6531	10877
6531	3740
6531	8508
6531	328
6531	7978
6531	10036
6531	8945
4502	3856
6888	4715
5258	2301
5258	6870
5258	196
5258	7097
5258	4972
5258	1879
4256	12098
1663	14923
3849	13096
3849	15011
3849	14934
3849	13763
3849	14952
3849	15051
3849	14649
1969	10449
4213	1063
4788	2994
4767	11456
400	14568
7825	556
7589	1243
4121	13918
5332	1341
1829	14862
8144	5826
8144	2762
3892	13357
7893	14834
7893	6917
3398	14989
1773	2994
9115	8756
1815	11811
2517	3083
6208	14685
6208	14816
1993	3603
3505	14917
3976	5822
952	14995
952	13224
952	11470
8332	14269
6516	13899
6516	14201
6516	8245
6516	10398
412	901
2314	15000
5629	13617
5836	12972
5836	3977
5836	13846
5836	8984
5836	1294
4398	13259
4398	6741
5840	14698
4927	2825
5269	14989
5269	13916
9179	8527
2768	14871
6945	184
6945	2702
6945	3090
28	1953
2347	1674
3369	14995
6161	15089
1550	15061
8449	4995
1764	4375
3128	15089
6957	7600
8031	997
8501	4859
5355	5572
5355	9843
8787	14965
5355	1267
8449	9421
3139	1066
7113	9103
7113	8470
7113	8334
7113	7374
7113	8486
7113	6339
7113	2645
7113	4171
7113	2404
7113	9229
7622	9171
6037	14433
6037	14712
8739	7834
5127	1917
5127	9478
5891	9713
7714	9642
4675	11199
5049	2768
8353	309
3723	14689
8353	3262
8353	312
8353	305
8353	7409
8353	314
5232	2386
5232	3516
5232	1449
5232	772
4285	14983
1961	1961
8927	13011
8180	2079
996	1397
275	9795
4213	2016
9055	6916
3641	9830
3641	6359
3641	3106
9221	3023
1127	3048
6306	504
8496	3604
8106	12022
7027	776
4097	14997
2592	14752
558	14797
8698	6291
326	15039
326	12678
326	14810
326	14995
2666	15070
8399	14989
2883	8405
3727	14994
2883	12936
2883	3515
2883	4742
310	14962
7086	14968
7651	11776
9446	10005
8848	12997
9772	15110
2468	4011
830	14093
830	12140
830	6816
5905	14984
8478	15039
5311	15070
2960	3476
2960	7891
2960	8376
2960	7585
2960	2932
2960	14795
2960	9630
6099	14995
8501	5248
7502	1851
2400	14665
4328	14962
3530	15070
3530	9153
883	2173
883	2565
5520	14107
8545	3919
3968	14528
3685	14944
2533	2177
6356	5605
2533	6151
3641	3644
1928	2250
1928	14872
5382	6603
9517	14715
1393	12268
4320	14984
4320	14813
4497	14991
1393	14668
5022	5551
5022	10002
5022	13051
5022	2667
6403	15051
9032	8371
5901	6388
5669	3087
6560	897
6560	144
6560	964
28	5911
4862	6363
6515	14869
3976	7988
5299	2590
5677	6138
5677	1226
4855	1048
7388	227
9092	7827
3602	15006
7254	14908
3602	9537
1699	1585
5159	14984
9718	14339
4193	4942
9403	472
9403	6320
9403	4678
4736	7736
1270	12058
646	15110
1013	7891
7224	8937
3376	10930
2377	1364
2933	3156
8865	15040
2284	4302
3728	3661
7265	6222
6441	14984
7578	14983
7086	8927
697	14993
1722	5853
1722	14961
1722	13732
1418	15109
9170	14762
6308	13904
3137	14932
633	1806
633	14596
9246	12795
633	4798
9246	11354
1834	14121
2923	14680
1654	5287
3070	6358
7444	14179
4639	5565
9753	4467
9332	8598
1998	14200
3856	2197
1998	14694
1022	13872
516	8770
516	1655
516	15080
516	6712
1022	6079
1022	14917
8810	11269
2013	13186
2322	14195
9275	2599
9174	14894
413	14933
1904	12133
413	7894
1904	2581
5406	13929
8017	10694
2629	9829
5369	2014
6330	10764
8578	13002
2014	13313
2014	5703
2014	3971
2014	5609
2014	7617
8033	5475
4827	15070
8804	3529
6533	5564
6943	1292
9559	14938
3376	209
4276	14589
5733	15070
7010	4399
7010	4908
7010	10121
6659	3110
1380	5982
6637	12041
6637	14000
8819	7970
1712	10466
553	1068
8469	2965
9310	14454
651	13667
651	7535
1246	15000
8318	14859
678	11327
2923	7239
1201	7540
2377	12485
1810	9251
1264	15023
1466	14805
8750	2714
8730	8940
5155	14810
2142	7001
2142	9448
2142	7077
8441	14993
9154	1306
2648	14398
5602	14991
8120	3153
8120	6759
9221	5486
8120	789
8120	903
5828	13468
12	14894
8457	10213
8828	11055
2463	2083
2463	2420
7388	6957
9501	14550
7093	14962
6498	2867
1754	5933
1754	11578
648	12256
648	11496
4256	12578
5615	4557
553	15089
2537	10303
2865	14426
3003	14983
5964	5020
5866	14629
8285	14993
8285	2239
8526	7457
85	7585
8077	1246
7276	5267
4015	14962
5902	15000
5902	2791
6676	10636
7392	971
5597	14929
8449	12776
1608	4195
8449	8500
8449	11759
9295	14519
2041	4846
1999	14544
42	14822
8820	14100
4293	9808
4293	6360
3568	6516
6597	3571
6597	3975
2270	9548
7479	14721
3418	3234
2270	14656
1467	14261
172	6077
5372	6597
5372	1997
5372	3839
8543	2520
172	8826
1286	9504
1286	4474
1286	5380
1286	8858
1286	2993
1286	7134
1286	12010
1286	8137
1286	6848
2710	5390
6128	1315
2627	6835
2627	2266
6726	14849
412	15070
2627	3615
8241	4846
3131	11417
3131	13314
6879	1187
5673	4773
3975	8345
7116	4533
2895	8107
1533	14997
5379	14894
3197	3250
3368	14603
6943	4011
6670	2776
2625	14107
2625	11291
2625	12140
5956	10005
4596	5438
6945	6240
6945	3463
6945	12689
6945	8845
4089	525
2127	14989
3696	14877
1895	14991
1903	10810
5916	9493
2629	4092
617	2865
3244	5370
3472	2274
3472	3870
3472	14004
2176	15011
3472	14474
6076	15038
3451	14181
7733	2491
9298	3935
1560	8344
6080	11515
4675	10507
2376	10676
6080	4157
2376	15011
2376	13568
2376	13275
2376	8601
2376	9686
6080	2975
6243	3350
6080	1276
6080	1249
6080	10215
6080	3905
6080	4305
5669	7686
6080	7219
6080	3480
4834	9019
2062	14839
1419	11208
1419	9006
5629	14822
949	9960
949	8012
949	10501
949	7277
949	8078
7622	1416
949	8002
5015	1213
2480	4120
8249	1236
9198	4951
9198	9733
9198	2991
7425	15094
4404	6105
4779	14527
359	9240
2546	13205
2546	3866
818	14469
818	14655
8418	10597
301	1744
4796	14107
7241	12201
7241	6283
1395	11801
2947	15106
3365	2639
7239	10583
1681	14683
7353	5639
7622	1412
7572	12126
3975	10579
5428	12346
1109	12277
8501	7012
8501	14288
8501	8745
8501	8849
8501	9288
8501	298
8501	9403
4562	11067
4996	12640
4996	15106
9352	15086
3484	15002
2432	10414
5302	14983
9626	13302
8900	1324
5516	14661
4736	1926
7440	15016
5983	846
112	8455
112	8064
7425	15097
7794	1840
615	15086
5294	9021
7242	6728
344	1887
4217	4135
1720	11516
2866	5440
806	14336
8533	14989
3976	15002
4691	14992
1892	13820
1072	11984
1072	3756
1072	718
1072	10789
7891	627
1072	8849
1072	347
7891	453
1197	14890
571	15090
610	859
4256	10944
2809	5524
7702	14813
3950	14629
8672	15110
9098	569
9602	4328
5797	14994
4931	2232
3231	6356
6288	15000
6288	11248
6471	15090
4827	5529
4827	7370
4719	13651
1909	10540
1909	6024
1909	8846
2006	5237
2823	7017
6170	14811
8833	5115
9597	2635
4147	11007
4147	7091
3706	14997
2363	9550
3706	13904
5168	12006
5429	15016
2284	14871
5784	5880
5673	4685
4709	14037
2391	14398
4456	14294
8061	15035
5024	13144
5024	4423
6989	14890
841	5035
6583	6585
6583	13889
6583	10789
864	6930
8238	637
2214	15097
5565	15024
9799	1375
9516	5687
9516	14807
9516	14998
9602	3604
501	15086
3210	15106
9516	12387
3210	14474
9516	6755
2907	12843
3210	14792
9516	8237
2907	10368
746	352
2024	13512
7170	6240
5363	14282
7170	4689
7170	4688
7170	14812
7170	5731
8299	10455
3531	9030
7170	5994
3060	4263
2533	2107
3531	3963
3531	1865
7170	3903
3531	1401
1048	15088
3531	428
7170	12412
3531	4281
3531	3790
3531	10849
3531	13786
8281	2327
6703	14714
3531	7979
2609	14817
3531	4673
3531	1149
3531	3438
190	6325
1835	933
190	7543
190	5488
3531	9102
8583	9591
7170	5736
7170	5988
7170	6155
5304	14938
1810	7429
5630	5030
4502	15106
1201	13989
4779	12836
8591	15070
2048	4817
3428	14349
7886	733
2185	12709
2185	6020
3150	11007
614	6151
4888	14953
2102	2106
2102	714
2102	4435
2102	13513
2102	9881
2102	3385
2102	13705
3159	14925
9587	1043
4258	1236
4258	14989
2347	4602
7531	8999
7411	14639
6708	13120
8760	6779
4029	5006
4754	2295
4841	896
4149	14925
8099	10773
8945	13814
639	14454
9140	8366
1458	15011
3668	3163
773	1837
800	3382
800	4159
800	15011
800	12284
7445	9531
2945	1461
3836	11016
5469	6239
5469	5969
5469	14352
9468	15098
9468	15101
190	9559
2316	7588
397	4143
9538	4954
2533	1187
9538	1780
9538	14583
5498	13393
9538	10789
2809	12370
7332	4337
9154	14765
4256	10652
3004	10285
3004	14983
3004	4627
8134	14834
3295	1805
3295	6334
8995	7474
3874	4222
8372	13584
3668	9110
531	3853
531	3854
9534	1367
9534	10365
2095	5040
2095	5041
1637	3377
612	7760
612	2891
612	1315
6142	14969
3525	14148
2912	2415
9303	6843
3779	9930
3101	7956
3101	105
4918	2623
5168	7445
9415	11018
9244	9697
540	13925
7685	15002
2658	15017
2658	14680
1014	7115
2658	15086
2658	6222
7886	14072
4739	15089
2253	15052
9353	5625
1581	3645
1581	12139
4459	7818
6487	7244
1303	11035
5661	4712
5129	4218
190	9560
190	7539
190	9677
1950	2715
1810	9191
468	6663
9360	6934
9360	14931
2649	15110
204	7213
9360	5149
9289	7950
9289	9651
4856	9056
4480	13661
6474	12489
510	9359
7052	4511
5669	1578
7291	4852
4366	15030
1895	14992
4366	14983
1392	13906
986	12785
2685	14405
2142	9287
1155	2495
3106	986
1841	14982
3492	11142
6772	3441
3619	14974
1106	10383
8397	14734
8397	6740
8397	5771
8397	7280
8397	13001
175	8001
175	14803
7083	2137
8195	10477
7083	4671
7083	13665
422	11481
7083	3682
3870	15129
7083	1817
422	14839
8331	7999
2015	14496
1996	14909
5087	15042
1201	11886
2768	4174
4981	6630
6756	3164
755	579
755	1509
8526	220
9438	1818
9438	2788
1028	9044
1028	4604
1028	4167
1028	1775
1028	6028
1028	4351
1028	14747
1028	1149
7267	14597
7267	10142
6361	5110
2991	15035
6895	3575
9559	3125
4605	1763
6533	15058
8641	3668
1171	8970
6712	9308
3966	14995
64	1294
4010	14983
2843	2116
2843	11240
2948	14982
4951	14538
5797	15094
5797	15097
8840	15113
6099	15106
4806	15070
8331	15101
1928	5262
2192	11569
6499	14928
7582	14950
6987	4143
510	7908
4801	3660
5181	15113
8334	10647
4401	10474
3257	6728
4018	14805
575	3604
818	14472
9744	14042
412	5496
468	8879
468	6470
468	2245
468	2894
468	5549
468	13094
468	4572
468	13643
4273	3371
5166	12590
9759	4283
3148	12485
9395	7777
9395	353
9395	3998
9395	1709
3127	5045
4502	813
170	11879
170	2455
170	8208
170	10416
170	14596
7278	3121
7278	2586
6361	8224
6361	3663
3975	14526
9063	5444
5956	9240
6117	14908
6171	15009
1337	14906
3940	3990
3940	2831
5843	3497
5843	4469
5843	4114
4757	6560
589	8495
589	8297
4288	438
5129	3207
2436	15086
4502	7335
4502	9315
8617	11063
9063	11612
7370	15003
4779	721
4779	14888
3940	8864
4779	2842
4779	13905
4779	6089
7370	7756
7370	6720
7370	5771
7370	7280
7370	12413
7370	5703
6571	15095
4617	9597
7370	196
7370	2114
2173	4298
7370	10776
2173	1954
6158	8479
6158	12266
3922	3869
2961	7712
2961	5388
2961	9199
2961	12313
2961	1019
2961	2693
2961	2751
2961	2400
2961	1012
2961	1822
2961	2401
2961	3935
2961	2651
2961	9593
6659	3631
4736	14697
170	10197
170	7717
2311	13002
5434	3250
1330	14950
1564	7458
5612	10592
769	12169
105	10272
529	8727
1404	11709
4377	2910
4377	2865
4377	139
4377	3376
4377	2994
4377	6222
2768	15070
2938	1777
2768	2423
7542	2417
878	2709
2768	713
878	91
2938	6308
878	2662
878	7450
878	1022
878	6380
878	3645
878	9830
7476	7572
8068	13473
7237	13371
5785	9195
6597	8923
6597	13285
4293	8085
2062	438
3998	12191
3998	14871
83	2740
83	3144
5374	14986
814	10810
814	15011
872	7167
3804	510
3896	6661
3804	4971
9561	15047
5947	7236
5947	9112
5947	10846
8061	15113
9805	4003
4600	14684
2846	392
2846	579
368	428
8206	14982
5294	10371
2386	14982
7370	2672
5233	2841
9246	8386
8843	10190
6128	8162
9459	14480
9600	3928
6600	3792
2646	1627
6078	14840
4768	15000
7078	7461
4768	14697
8749	10204
2281	3518
2586	14728
3741	5567
2015	831
5436	14316
3741	2489
8130	4744
7082	2638
7082	583
7367	13895
1986	1282
8130	11512
9651	2256
866	9403
7147	15095
9407	15003
9407	14831
8583	11334
8583	11329
8583	5642
4653	14961
4653	1708
1666	3102
2284	14069
2220	5051
5843	1113
8347	15018
9635	6164
4810	296
4810	2080
4810	7041
4810	6684
4810	1729
4810	1841
4810	12085
4810	9771
4810	8926
4810	9005
4810	7987
2907	13959
5453	13385
5453	7462
3975	14005
7511	8831
7511	74
7161	384
2879	14324
9378	1942
611	9506
611	2767
2768	15002
2768	12843
7982	6608
310	6699
8274	14700
228	15070
8274	13060
2150	15106
6947	9172
2477	1290
2477	1291
6947	6462
8485	572
8945	10258
3772	8036
3772	8033
6947	12936
3838	4503
3772	9063
5215	14778
1900	3836
1900	2068
1900	2478
1900	14910
694	2257
4699	11066
4293	2884
3019	8847
4402	9417
4402	13996
2480	1258
3580	14982
3580	14997
6895	65
6895	1917
5087	14445
1300	13109
9063	8290
2301	6516
5019	671
6602	15017
1005	15000
166	7542
2940	14913
8837	1829
6044	9275
4434	9688
9816	13627
7302	8895
6465	14952
9142	14631
4592	6441
6458	9252
141	1398
141	3647
8842	9156
6474	15056
4826	13894
4826	1837
6071	2695
5916	11507
5916	14177
5916	13554
1787	2040
7778	8890
7778	3604
7778	6534
7097	14874
6561	15113
9621	14546
9309	14982
7578	4728
8274	14775
710	9258
8502	1597
4861	14191
2742	9153
4128	2560
4128	2452
5138	3497
5138	9452
4197	14570
8274	9294
4314	14623
4039	8340
2451	5488
2451	5479
2451	4490
3922	7444
2451	14920
2451	6394
2451	704
2451	740
2451	11709
2451	3575
2451	8327
2451	7633
2451	707
2451	708
9579	15042
2451	13346
2451	167
2451	7483
2451	13205
2451	12275
6126	11763
2451	12130
2451	12067
2451	1984
2451	3348
2451	12075
2451	9033
2096	15116
2451	9134
2451	5911
2451	10656
2451	4592
2096	11082
2451	8192
2451	3910
2451	11692
2451	11429
2096	6276
2096	3723
2451	8563
2451	3514
2451	1582
2451	1583
2451	3491
2451	5386
2451	9240
2451	5594
2451	6756
2096	5824
2096	8909
2096	4885
8379	10178
6814	14086
491	14955
9245	14710
9245	14664
8418	6174
8900	7067
330	1969
330	3139
7131	975
3839	14275
8377	7673
3968	13309
4242	8025
2960	4954
8038	3290
8038	15061
8038	5818
8038	12559
3436	163
875	12936
875	7266
875	2634
875	6199
3092	4032
3092	12395
875	9100
875	3975
875	3571
875	9982
1120	714
7436	12683
5021	2868
5021	9602
7420	14995
9276	14862
9276	14947
8457	15048
9276	10259
9276	11817
6044	9594
5830	2534
3721	7875
553	4841
553	14997
553	3623
3244	4036
9305	15095
6541	14168
2612	14989
2982	7402
2601	204
2601	4571
2218	8293
3947	11756
3947	9741
3947	14570
3947	13856
5241	4683
4219	14580
4914	1668
2962	14959
7077	4231
2400	1460
7674	11499
4055	6725
4055	625
8936	15061
8978	9630
883	4507
4380	2965
1487	15061
6850	15009
1752	15070
9534	1167
9534	10563
6494	9175
3849	14240
6094	2770
2961	12792
1155	3334
3150	10089
9173	14986
4432	8142
2314	14982
614	7266
6340	1126
656	6975
156	12916
1344	4292
8553	14400
2620	15086
5277	13673
9003	4125
9003	4631
9003	2975
1072	887
1072	14372
7832	14813
1072	7012
1072	6809
2468	8102
1072	2511
1072	14213
3988	3522
3988	3601
9364	14552
3516	14983
3516	15053
3722	9875
9405	7857
2393	15144
7576	4117
4123	5917
3733	14995
4063	3287
626	7853
7422	1738
3106	2252
8238	2581
3106	13383
5107	14196
7568	15000
1741	6131
1741	14899
5166	15064
7476	14274
2546	4688
1246	14991
6362	14917
5939	14492
1344	14502
7031	15116
7031	13956
3960	14962
190	6082
190	6069
9443	13822
9443	8711
1328	836
1328	807
190	4548
2270	13705
2270	1947
2270	3309
2270	3254
2270	14981
2270	2154
2270	14187
2270	5569
2270	11910
2270	2938
2270	5803
2270	13940
6095	12162
3088	5766
2937	4077
2937	4569
2937	6325
2937	6309
5607	15040
2363	10832
4653	9448
4065	15078
2112	15066
7425	15053
1022	15000
5360	1529
3183	4713
3183	5474
3183	1609
3257	11967
3257	553
8526	2427
6560	140
666	13403
2194	11856
354	12800
1993	9972
354	4109
4955	14684
820	5912
5198	13799
147	14967
5046	6509
9248	55
5277	4832
6675	522
2313	15053
1419	14691
1330	14797
6821	6013
6821	12517
1306	7729
1066	12566
9557	14995
5343	5799
5343	10789
1523	1675
8274	14787
3569	3849
215	2176
215	3187
215	7303
215	10343
215	7717
1763	15050
1763	12265
3755	11650
2464	15062
8214	15115
410	5567
2308	14871
5826	1176
2521	10604
1264	14997
5937	8692
5937	2573
6128	14962
7566	8339
7726	14625
5279	9869
5279	12470
5279	14202
5062	12126
6826	15082
8545	9679
2194	5105
1702	2685
2927	12498
4996	12083
9748	15053
7291	522
5371	7776
4076	3611
6890	919
9300	15094
3055	4061
6943	1160
6943	6438
4232	4875
4232	4876
4232	5119
4219	11316
982	14871
8170	12052
6846	7881
2650	14962
7396	13086
7396	7942
6560	908
5712	14452
553	14982
3977	1578
3159	14890
6589	14569
4377	3531
4377	710
5277	6578
1326	14962
496	14580
496	3696
5375	4573
552	1643
2257	15019
6131	8189
7222	14901
9434	4659
4478	4992
4478	1442
6756	8199
1603	2494
1762	1283
2480	14968
5897	9029
6711	11414
6711	14965
3014	14703
8007	15066
6467	15065
6467	14986
6467	14990
6467	7291
6467	14667
4020	9487
4020	14925
4020	14811
5934	15000
3150	2964
5635	9636
1276	7020
6931	14452
1720	8989
5531	8175
6759	1209
1720	7332
8158	15037
8819	559
3154	2965
8819	7385
8819	3473
5916	14375
2663	13219
8819	3592
8819	5009
8819	12259
5229	6305
8819	5673
8819	3668
2373	15086
2373	14982
2373	14797
9246	10442
2373	3419
7396	9739
7333	11294
3830	5937
8818	10267
7477	5110
6196	14995
6196	12810
6196	7012
6196	6305
6196	1340
6196	4481
5461	15129
7174	803
6703	14995
2593	12721
7341	14776
2601	13543
6943	1911
6159	6435
5287	3786
8710	9893
7543	3392
3940	6365
7543	15143
3940	12682
488	15053
1561	14836
9475	15067
5105	5564
8148	12702
4398	11189
1760	4671
6487	14734
4064	15037
2928	15144
2928	15000
2928	14982
5902	13928
8574	15040
448	3161
8283	7920
8283	264
2149	9134
4169	8583
4563	15002
1178	5288
1178	3590
3177	15103
4192	255
7265	14983
9394	2941
5233	8491
9477	6741
9137	108
1579	15106
2185	8955
6378	13471
1525	13161
5673	13630
1028	4496
1028	4618
1028	14029
8503	15169
7027	9050
6501	14904
6501	13815
6501	8517
6217	3884
1271	15076
9643	9179
9643	8449
9643	15098
9643	15101
9643	5880
9643	3161
9643	7413
9643	10931
9643	15038
6217	2157
1932	14989
6217	7749
2904	14983
2904	14770
9167	13035
4140	3201
7685	15157
847	15165
5811	2569
5811	331
3352	4184
3352	3648
3352	5556
5543	7367
3237	989
3270	14962
5798	9590
8668	8704
8668	14208
5524	12680
7251	349
7094	10741
1895	2438
796	14316
699	12345
7220	11441
6533	12259
7297	5931
6839	15018
4788	3751
3088	14240
9111	8113
3076	946
5436	6438
9508	910
9508	908
2809	7141
4601	12136
9776	2675
57	14982
57	613
6237	3839
6237	1851
8514	15077
6130	14041
5673	214
5673	211
5673	4772
5269	14911
8529	5943
4497	10691
1106	14993
9588	15157
6417	4829
28	2619
9824	13776
7651	2730
7651	6120
5669	7485
2381	10728
3341	9287
7651	2725
7651	2727
7651	2728
4340	14967
8865	14955
9226	14871
7932	14551
4232	4878
4232	12650
4196	5803
9063	14267
2831	8343
9063	1364
4256	9676
875	12747
875	4428
875	5394
875	1198
213	15122
3464	11537
6945	752
3658	11596
6945	12163
2381	6705
2381	3376
2686	15157
2822	2764
1525	3048
2822	12748
7136	11391
7127	6212
4992	6976
5785	6129
9557	7627
9245	3330
8699	14631
7870	14259
1035	8824
1035	6719
1035	6720
1035	5251
1035	6717
9671	5146
3257	2545
9671	1285
4078	1095
9671	4623
9671	4528
4024	15007
4024	6000
9671	6447
5233	5839
9671	5703
2461	12803
3050	2548
795	14989
8423	14172
7358	3686
4566	13373
490	15002
6452	15062
6390	13705
9602	3311
5420	12493
5284	5247
4083	2228
8191	5999
1404	11633
8431	15021
9290	4549
8038	13563
6392	5232
2463	14903
2463	1915
1686	4074
1686	5329
7308	15112
6499	14144
2567	14616
3437	11047
149	1334
8350	12751
6662	4089
7	4310
7	8336
7	10465
3106	14019
3106	15129
4256	13332
84	7678
4902	1476
2007	13932
2879	15157
8775	13471
2101	15165
553	6104
957	15095
5517	5924
4497	15124
6702	9831
8263	13695
8263	6976
238	8984
2828	7759
5024	7194
4617	4532
697	15045
9003	14864
4374	15107
4374	14910
4374	4335
8803	4975
1699	5721
6890	1878
7930	8754
4757	4630
3839	11189
602	803
1681	4053
602	2079
9063	13499
614	5706
1323	940
651	14983
7146	2327
8734	14778
8734	11942
4660	7219
5729	2164
5729	8866
5729	6870
5729	2472
5729	5250
5729	6461
5729	1668
2537	904
283	15124
2076	14981
2076	12558
4939	12795
2845	2906
2845	2477
4939	11007
1810	5789
542	13904
7327	14871
1543	13046
1909	5481
1909	5477
8491	4397
8491	5607
883	341
883	6525
8491	559
5275	14962
496	12746
8491	12679
553	232
553	14983
8979	15051
8740	11556
4073	12107
3516	14894
4835	13589
7580	14983
6614	6774
620	703
3442	13930
5022	110
5022	2035
5022	14004
5022	12462
5049	14145
712	3995
5049	705
9105	2565
1127	15039
5049	10406
5049	14928
5049	7020
5049	8175
5049	14121
2517	2396
1679	1752
1679	1118
1679	3341
1679	5790
2809	10205
9442	1040
429	3800
6152	5636
3419	1444
1718	484
1718	3295
1718	1502
1718	4636
1718	2290
1718	774
1712	9216
1712	14961
8283	14949
3975	13937
697	9645
1833	15165
2537	13150
5413	4752
1419	15019
7181	3271
9615	6304
2873	12720
9615	15207
4570	12535
3917	14069
1337	14917
1337	4055
1337	12621
5766	14995
9588	15087
2809	6429
4984	12856
4122	15068
4141	2914
4141	4347
4141	13713
4141	1269
4141	3372
6916	9128
4141	1349
9479	8199
3722	541
3530	13434
9740	135
4817	7482
8911	3663
6527	13636
9064	9603
656	14635
6911	2603
5563	14990
9684	10566
5673	4776
5673	4774
5673	5028
5673	4775
4534	8012
4534	14884
2688	8614
2322	8060
7503	15049
7159	15124
6990	6924
6990	5984
6990	15163
5015	14323
5015	333
5015	9252
5015	1248
9586	5423
3475	15057
8559	14852
8559	14982
8559	14758
6501	7101
5229	4490
7930	15061
4141	231
4220	3224
6527	15051
8371	1564
2467	4364
7344	4562
4586	8220
3608	15077
4047	11962
4047	1937
4047	13627
7050	6261
2606	15107
7531	3903
5015	7454
202	5525
202	1478
2480	9995
4678	5247
6584	5814
6722	5791
6059	10591
2880	13972
3706	15009
3706	14983
3706	14995
2744	12462
7459	15110
3505	13568
5070	6752
5070	15165
2945	3867
274	14604
841	3728
3141	14456
3141	14328
2381	5021
1525	11584
8079	6852
3141	1457
1431	2090
4612	14903
3739	5627
8023	8194
2220	4743
1913	7788
8147	4517
8147	10199
2284	6835
2338	8791
8147	6445
4557	7782
4557	7809
7420	4991
8191	660
7420	14997
7420	7326
7420	4592
7420	9645
3435	11952
7420	5373
7420	5503
7420	8309
7420	8582
7420	7119
7420	9229
7420	11738
7420	11867
7420	11429
7420	13485
7420	14917
7445	14695
496	220
1780	13651
7930	481
4531	14171
8789	1949
2285	14850
2285	7972
2285	1692
6945	441
4588	11539
4588	7774
4588	8321
4588	8055
4588	12707
4588	10965
4588	10547
4588	10267
2601	922
1721	14883
1721	14601
1721	14730
8140	2383
8195	4123
6484	10455
2095	6537
23	13512
3717	15039
3717	3405
3717	3406
3717	7235
3717	7236
3717	6386
6318	14917
3717	9605
3717	7269
9652	15050
3717	7182
3717	14917
7392	579
8160	590
2301	2658
9390	9369
8413	5306
8413	10789
2823	700
8413	8987
1991	13633
3123	3399
9332	6705
4806	7385
8990	14787
8990	13455
8990	11745
8990	9594
5406	15106
3739	3258
8990	3653
8990	6451
2214	14983
5952	15163
2537	3406
5221	2899
5221	803
296	12771
5015	3317
2537	4179
9554	14806
9554	15110
4958	2552
2537	1996
3548	10044
8498	10450
5334	14677
5334	15099
5334	14587
5334	6960
5334	14316
5375	10929
5375	14735
4641	15124
4641	15086
3044	12017
4641	14982
555	5337
7066	5901
175	8194
175	13751
4855	6238
4116	13102
2393	15107
8283	10412
4493	2186
3728	14263
6058	14811
9110	10036
8418	14297
1525	14893
600	14419
2782	5135
553	8160
2928	15050
2928	15087
2928	10832
3210	15157
3210	15095
3210	14179
1721	6043
5001	4456
7932	14452
1558	6272
4788	3116
7032	5295
4638	14492
879	11932
8030	15057
1900	1898
5643	14958
1721	13008
4432	9968
5669	5673
7494	7409
9824	8460
7266	9578
7683	12697
2888	7621
3309	841
8315	246
8315	4964
1909	9
7912	924
3459	14510
9779	2955
9779	11984
8700	14971
8917	4619
8917	7219
8917	238
4177	14292
312	8112
1340	12929
3741	6705
3741	8887
2467	14524
4398	9384
65	2748
6879	15050
1914	6796
5599	5529
650	15124
8579	14965
9170	14938
4660	6612
9170	6936
8978	4320
3367	1367
9219	3484
5109	4258
4338	5611
6071	5662
7834	13854
3830	8330
3102	14137
379	3668
6594	14463
301	1250
2436	15045
301	6321
7494	7411
2220	4744
2542	13232
4888	12901
2160	2994
5818	4108
3858	15037
3741	4218
3102	14205
3208	9035
84	14686
84	8664
84	14181
4534	9259
4534	13634
3975	13100
9417	1043
9390	11669
2381	3262
7157	6328
7157	6310
7157	6302
7157	6314
7157	3990
7157	1559
7157	64
7157	6313
7157	6309
7157	381
7157	4053
7157	13120
7157	4077
7157	6325
8749	15050
9779	14067
3451	7838
5410	13558
5410	14730
5410	9315
705	3518
2150	14983
5826	10033
5229	4612
3122	8199
3122	8201
3122	14182
3122	15163
3122	10484
8096	3269
4514	6205
1392	14816
9731	15050
9447	5648
8162	14616
2232	15066
7794	2080
1044	13060
1044	14787
8732	9402
8501	9404
4710	256
4473	14613
662	9514
8935	14711
7925	1853
7925	13225
7925	14385
7925	12900
7925	11942
9028	15037
8527	14732
5679	8693
4318	8106
7260	3911
1507	14901
3277	6499
7260	2462
3277	3233
7260	11572
4594	8459
3967	8163
7260	787
5828	14731
8250	4752
5394	10827
5394	14430
5394	7447
5394	8065
3106	2445
7567	11472
7567	7319
3106	6368
8250	13782
4835	14310
6998	8835
600	11158
600	5654
9475	15043
600	190
600	13525
600	1772
600	5260
9069	13210
4199	2346
4199	15000
9728	14753
4199	15106
4199	14993
7017	15170
5717	3666
3282	9005
3282	9001
6759	951
7066	132
536	11105
9607	1892
9607	1919
9607	7038
9607	1277
9607	3234
7870	4201
2199	15050
2199	14900
6931	9288
9174	15134
8085	9720
5712	15140
4717	1070
3518	14872
386	12026
386	3928
386	3560
283	15138
5021	6535
5021	2068
1068	15134
2139	10421
2139	14870
2139	12533
9030	14445
7064	14871
2313	15140
7421	15157
2313	15134
5780	8409
2220	8144
2220	11063
1867	6497
1867	8839
3212	14382
8734	15120
4018	4094
1063	9780
7205	4552
8819	4217
8819	708
2007	14730
5423	2945
6749	14499
4636	14959
2833	14430
4338	3660
7062	15138
7763	15017
7763	7534
7062	15140
5892	8536
4497	15134
4232	3164
7247	6829
1895	15066
2381	2884
2381	2465
8405	12745
3127	11189
3127	13820
3127	8033
3279	7024
3127	12681
3127	5643
3127	5642
3127	5043
3127	5646
3127	5051
3127	5046
7424	4265
4474	13061
5630	15124
7326	13026
5005	12819
5005	14709
9783	93
3648	14974
5668	5022
5668	14983
6309	15045
944	10987
944	5772
944	8257
944	12022
944	8354
944	7650
944	1563
2965	178
7778	740
7778	1710
9064	12274
7778	3464
7778	5607
9064	7075
9064	6946
9064	2655
9064	254
9064	6947
3993	7097
5808	295
5808	294
5808	290
3993	4844
3993	4115
3993	12224
3993	5568
3993	8366
3993	2446
3993	2444
5798	14988
5932	13651
1337	15134
2880	14983
2880	3170
2880	12162
2880	2955
2880	9272
4497	15138
5882	2687
5882	7378
2176	13568
5882	3731
5882	4446
5882	6005
5882	2899
5882	2942
5882	1586
5882	1514
5882	509
5882	4578
5882	3974
5882	1088
5882	3515
5882	4153
5882	4731
5882	5933
5882	6317
5882	9320
5882	1460
5882	4842
5882	2757
5882	4258
5882	1341
5882	3263
5882	6326
9030	13443
6689	548
6708	14985
6946	15134
6959	15153
8502	4491
8151	13850
875	4525
6628	3261
5615	4143
2981	13041
2981	15145
9285	714
9285	9947
3104	15130
9285	1254
7260	3232
9285	3243
4646	3180
4868	890
2981	9179
1437	15134
2026	14886
6425	8465
6286	4416
2381	2831
2981	7409
7705	15140
7260	596
1549	6435
1549	7257
2651	15107
3343	9240
3343	2603
6379	13039
139	14767
139	13982
139	2305
139	14374
139	5028
7880	8156
9696	3864
4888	15100
7146	4739
7146	5308
5156	583
5156	5931
998	3326
998	10347
998	5526
998	5672
998	5568
998	2374
1108	12852
9196	14712
9196	12949
4985	14713
1904	4406
771	15107
9156	947
8881	14425
5528	12664
6695	11953
3786	2626
7542	10437
7542	5665
7542	782
7542	67
7542	15050
7542	2534
7542	8897
7542	443
3786	6309
9651	5545
9651	3159
9651	13624
9651	2688
9651	3162
6690	6431
2981	8199
3200	2955
3088	7065
3200	6079
7711	15124
6058	14979
2981	9920
7542	215
7542	10217
7542	7248
7542	3034
7542	3854
7542	14240
7542	1858
7542	4757
7542	5911
7542	10841
7542	7844
7542	8957
7542	13175
7542	4266
7542	859
7542	9687
7542	8927
7542	1772
7542	5202
7542	1598
7542	7013
7542	6159
7542	2735
7542	7815
7542	12214
7542	4039
7542	3350
7542	8271
7542	6854
7542	6578
7542	14778
1981	9167
8865	14997
8191	3782
8429	3514
8191	14774
8191	1234
8191	9410
8191	6486
8191	5337
8191	6530
8191	6878
8191	2453
8191	6750
8191	3189
8191	6354
8191	11007
8191	14619
8191	2756
8191	2308
8191	209
8191	2636
8191	3585
8191	13571
8191	3719
8191	3329
8191	6283
8191	838
8191	14946
8191	9333
8191	12442
2981	8034
2993	7673
5946	15174
7733	1236
326	4922
5439	1919
5439	7038
875	4936
875	4852
875	14997
477	15130
5324	13040
8153	14940
8153	14806
23	6864
7458	15098
7458	15101
3839	14843
3839	13015
3839	6179
5326	12663
2210	2692
1810	4616
1937	14505
1707	5422
1707	6318
1937	5946
1937	3193
1937	8765
4324	8204
1937	13826
1937	8624
1937	15110
2480	5465
1937	10638
9441	7121
3958	2218
7993	14317
3958	4527
3958	2501
9441	14380
7943	8614
3958	3789
3958	747
3958	1364
3958	1361
1549	7123
1549	687
1549	10405
5105	762
6498	96
4675	7677
9797	12895
9797	13692
9797	14705
4537	8225
553	15107
6425	1280
6425	8312
9380	14712
6425	5725
9380	12535
9380	831
9380	14492
6425	11942
6425	7431
5049	2759
7531	14883
3698	8756
5882	8444
5882	8447
5882	2647
5882	2314
5882	3338
5882	3339
5882	565
4317	8547
5882	3342
9554	7741
2007	10563
9554	5636
9554	14917
5669	215
7417	1578
2434	14997
2434	14995
2434	14583
2434	14869
2434	14500
2434	14426
2663	10467
2026	9858
2663	8262
7462	15106
7462	13464
3867	5110
8506	3871
4293	7720
6039	7791
474	11590
5642	15045
5642	14171
5642	10354
5642	9343
5642	13525
5642	14738
6362	5380
4602	15134
3206	15113
3563	15071
2977	14035
3580	15134
3580	14995
7705	13904
3580	15155
3580	15124
3580	15040
3580	14651
3580	14803
1185	9362
9120	193
9120	2550
9120	1204
6318	15000
8672	15163
6318	14964
7940	12175
6318	5222
2381	9776
2381	1653
7952	9856
787	3672
787	14970
787	2637
787	6205
787	14377
787	10951
5229	4624
7417	15153
7417	15160
4564	11343
7417	11820
7417	6419
7417	8983
7417	9243
1967	13426
1967	9485
7417	1325
1967	8147
1967	11359
9561	14981
7417	5664
7417	10238
7417	3800
7417	7152
7417	1818
7417	8773
7417	2128
7417	2675
1357	13985
2238	1862
2238	11742
3869	14435
3869	8390
650	15138
3869	14947
2182	12091
2182	2870
2182	8710
3739	6142
3739	4425
3739	6880
3739	3291
3739	13293
3739	9308
3739	4921
3739	5976
3739	4431
773	9095
3092	3156
4826	7383
4424	9972
4424	13512
612	2905
9508	14017
2981	7470
9508	11315
9696	15134
3948	8287
5059	9785
5814	6151
5814	3502
5814	12168
5814	586
1025	9029
8369	12389
8369	3677
8369	3715
8369	4265
8369	12800
8369	6048
8369	6756
8369	13357
8369	14235
8369	6034
8369	2361
8369	14129
8369	14330
8102	3535
6543	7615
9154	3661
5049	4454
9154	1315
2528	2419
614	3349
9063	5009
4208	9468
9106	2643
9106	8672
9106	3246
9106	6373
2432	7851
2528	201
2463	2804
2381	1797
4925	3187
2381	2281
6443	14670
2381	3800
5882	5335
5882	2138
2537	5520
644	15170
1904	1016
1904	14948
626	14070
626	13337
7274	14910
7766	14452
7766	14812
7766	15089
7766	10103
7766	15098
7766	168
7766	6945
7766	8512
7766	5981
7766	9690
7766	2567
8360	10594
7274	4178
3245	628
5826	5967
100	5028
5676	8030
3830	14341
4226	12068
9298	14794
7089	2822
8677	7904
6083	15106
2977	8665
7266	6551
2320	166
4764	4504
5294	14342
5294	13213
5336	7985
4835	9713
2320	2841
2320	2512
1659	7750
1659	11395
1659	8603
2751	153
719	2286
2650	15134
5630	13904
3199	5174
3199	5891
3199	552
3199	3265
3199	4829
3199	3202
3199	2716
3199	2420
3199	2714
2822	1024
4592	15144
5363	15066
980	15150
332	14462
9309	8519
136	6441
8675	15134
8787	5336
7841	15140
1484	15160
5380	14992
3076	963
4382	1324
4158	13891
4382	1906
4382	441
5964	15155
8865	15119
7363	4534
3975	15207
9234	298
3102	12838
6501	8454
2320	3304
2320	482
8506	1506
8506	3462
8506	4751
8506	5437
8506	14816
5302	15134
9147	5194
8506	13079
9147	1115
8506	14218
8506	4352
8506	4246
8506	2820
8506	13668
8506	14712
8506	511
8506	6719
8506	7133
8506	12557
8506	5251
8506	5288
8506	10488
8506	14313
8506	9508
8506	6533
8506	8839
8506	3446
8506	12915
8506	6443
4520	12241
3739	9804
3739	11182
3739	14370
3739	9124
3739	11817
246	14982
6466	7463
246	14995
8530	836
4314	14974
514	1415
514	425
6219	4997
4430	12958
7356	11201
8184	15138
166	15124
8184	15140
9308	1148
7356	12204
166	7537
8414	5643
8414	5646
7356	3654
7356	5901
8414	4886
8414	14876
7716	13599
6356	648
6356	3945
6356	6991
806	10098
1525	3702
881	13146
881	14871
6945	14651
1607	2472
8797	14865
4016	3211
5754	418
477	14710
8160	587
7490	5642
7490	9063
7567	14241
7567	6479
3127	5640
5972	5342
7938	12144
3127	5047
5952	9677
5952	14473
5952	8112
7259	13107
7259	4284
5522	15058
9587	7936
7062	15119
5522	14739
3891	15155
7940	10393
5237	10649
2318	11523
5237	3862
5237	14900
5237	2416
5237	10631
5237	5150
5237	5485
5237	2935
8506	809
8506	13374
2318	5535
8506	11583
9696	15170
4018	9111
2385	7526
2385	14247
2385	4585
2385	7520
2385	6612
6538	15045
8076	15041
501	15041
4888	15041
4888	15143
4888	2965
1473	9339
4082	1288
4241	10464
4241	11854
4293	7177
2781	610
2781	2309
2781	7105
2781	5605
3236	3519
7224	15123
9434	5549
3325	15123
7720	8863
3325	15077
5229	5487
8642	8196
2368	3421
9255	1976
2381	8317
5465	2772
5725	2954
5725	2956
9276	8570
7868	4527
4183	15150
3113	15040
4531	15086
7620	13500
4947	7048
5882	2091
5882	6446
5882	796
5882	4685
5882	2634
5882	1747
5882	1929
5882	1515
5882	7279
4072	9876
4072	6498
4072	12411
4072	8094
9013	13715
4072	367
3786	10189
3786	710
7048	1074
3786	2552
1489	15041
1089	11384
1089	646
1089	10500
4591	6082
4736	306
2381	3849
2381	2282
2381	4195
2381	2081
2880	14743
4321	2860
4321	2562
4321	5961
4321	9311
4321	9038
4321	2208
4321	3928
4321	3051
1549	7182
4709	13375
6404	7842
2962	5484
2399	3164
3076	962
2381	6300
2981	15043
9273	9522
3786	5070
5972	12313
1673	548
4717	7929
5972	4488
5927	5055
5972	14770
6059	9910
9332	14138
8431	15119
6708	14582
8217	2606
8217	10408
4717	2254
8217	3176
8217	71
8217	8
8217	876
1450	4796
4717	9618
3128	3525
1836	15035
2981	8111
1018	10298
6227	4891
6227	1320
9447	1637
4133	7074
2793	2261
2793	12633
2793	15106
4374	8008
6501	13386
6501	6764
5882	4942
5882	11067
5882	1043
5882	4539
5882	6540
5882	6420
5882	347
5882	8198
5882	1016
5882	3633
5882	2701
5882	2400
5882	4527
5882	8835
5882	6523
5882	340
5882	6901
2426	6445
2320	1128
2320	10957
2320	369
2320	596
2320	776
2320	5245
2320	2285
2320	3848
2320	2138
2320	2463
2320	5304
2320	6705
2320	6630
2320	729
2320	2891
2320	864
2320	12792
2320	1586
1344	11232
696	1613
696	2253
696	5863
696	7543
5665	7604
6433	15143
6433	5250
6433	521
814	15179
814	4961
6433	5510
6371	3371
9267	10427
553	3737
7712	4110
553	10579
2755	15170
3466	1735
5533	6870
11	3156
11	4508
4697	15045
448	6377
250	3295
2531	15097
2531	15105
9309	15041
5282	15088
2531	12683
2531	315
2981	7546
9154	5473
1022	719
384	14604
384	10155
8995	4730
7658	7012
2981	13371
8995	548
4460	15071
8195	14452
5564	14846
6392	1324
386	1301
2981	3014
386	1300
386	1302
386	1299
386	1298
4305	676
3673	10003
4292	15134
5882	5805
5882	183
5882	2387
5882	3343
5882	1197
5882	4511
5882	3861
5882	6829
3363	14855
9063	1196
6687	12884
6687	1076
9092	8109
7362	15153
4606	4680
3130	6719
1328	491
699	8835
3208	12431
899	14007
3208	6215
3490	8410
1170	4142
1867	7100
7081	5790
1867	5930
7146	5230
3568	15094
3568	10059
9687	15107
553	15017
1909	446
1909	5478
7458	14894
1853	8379
6464	9112
5120	15071
4020	14813
5476	6464
1367	15041
1367	15124
1367	13014
2500	5341
9245	2192
5229	5488
9182	14513
3019	3540
8917	4631
4711	14714
6126	9348
2781	9085
2781	14432
2381	12792
3092	6541
6770	15014
6770	15095
3088	4560
3088	15055
6770	15104
5321	3557
1961	2068
997	10176
997	2643
997	14803
9287	14983
4317	3827
1961	2022
8440	14840
8440	14962
2469	8596
2469	6617
2469	2935
4286	14635
2469	482
8173	14713
8173	15183
8173	12676
2469	6371
1440	5607
698	15041
2469	2707
1558	4664
2469	8196
6022	15204
4083	8326
7714	14959
6494	3183
7948	14508
850	10843
2396	14316
5087	14131
4142	15134
9479	8970
9479	13725
9479	14445
9479	14160
9479	14884
4376	5338
1229	14310
5695	4775
8653	14771
8653	12646
3491	2453
7751	8444
697	15150
6884	12642
2400	2288
9438	4971
9438	7118
7850	14992
7850	14991
5229	4548
8574	3598
529	12719
529	13248
529	2704
4024	7640
7822	9592
472	14843
6662	5083
5883	7098
9781	10086
4039	2242
6319	704
5883	3184
6319	572
8391	12659
2946	5388
2870	6766
2870	15004
2870	10937
2870	4333
7870	2072
7870	8559
7870	6277
7870	14267
7870	12792
7870	13312
2461	9134
2781	12535
6163	322
2781	13910
2781	14235
6163	2018
6163	8509
6163	834
6163	600
6163	10302
7490	5646
754	14246
413	14816
7880	9948
138	6371
138	14819
138	4631
138	3358
138	14685
138	493
138	13611
138	9195
3773	15130
4586	1668
6563	973
5156	11334
9781	14966
1564	13951
3141	12513
4941	2949
2381	2311
6056	8214
6378	13862
8449	6771
8533	2764
6149	2619
6149	8115
5107	10967
3950	15160
1393	11336
5531	9097
745	12282
1590	15077
9490	185
9490	2691
8832	6420
4674	14870
1159	9507
4774	14431
2894	6583
5970	12558
1316	15123
2881	5562
7861	10188
5952	9685
7663	1654
84	14431
7425	14966
4010	4627
1061	6222
1061	9288
1061	4168
1061	8889
1061	183
5905	14683
6989	5236
3054	3754
3893	2063
586	426
4660	1058
5373	1951
2686	15199
4484	15198
6371	4444
614	7537
6255	15125
2981	12578
8680	6400
80	11669
3685	14803
4276	9621
2712	14246
3615	6638
1726	14593
585	12143
585	4936
6851	2551
5669	1909
412	7048
412	15002
2981	11050
652	14745
7068	15124
854	2039
1525	328
6357	9052
2225	15151
6357	3851
6357	5366
6357	2266
5630	3262
6357	3800
6357	5353
5630	5222
6357	8823
6357	4143
6357	5607
9563	11945
5330	10265
5330	10282
9563	8401
6704	5514
5305	4161
4133	15057
185	3341
9308	6301
9252	3831
9252	2140
9252	8158
9252	260
9252	4485
9252	522
4097	15150
4097	14731
706	6325
9291	3227
9291	2293
1982	2611
5617	5891
7620	15106
8818	15081
4497	15220
8579	15163
3838	1710
1084	653
1489	15220
4638	5761
4638	14288
4638	3888
4638	8849
4638	6931
694	47
4638	15000
4638	14956
4638	7910
6877	1587
2765	14766
5273	14139
2765	1689
7940	14667
2981	12351
1900	1820
8915	14923
2381	4050
2381	4793
668	7180
3839	9677
4516	15041
7520	6766
8995	758
4176	6456
614	4995
3244	14618
3244	11972
873	49
2381	9483
2381	4428
2381	1607
2381	3885
2381	13161
2381	2698
2381	834
2381	6059
2381	1620
2381	2134
7269	14966
2381	3850
2381	5248
2381	741
2381	5838
2381	3866
6196	2730
6196	7010
2381	1874
9350	4625
5308	13002
664	10927
6499	14923
1342	3132
664	5875
8717	15002
9221	794
8717	8695
9491	15170
664	11541
1685	1297
8108	5790
9623	14906
6689	2764
9623	15097
9623	15094
9649	5119
6945	5158
8637	8252
9279	15041
2348	10547
2348	2740
2348	11781
2348	12002
1941	13891
6143	13015
6143	13452
2381	7910
2381	3958
2381	2461
2381	1929
2381	1885
2381	1884
2381	1096
4992	8227
2381	2602
2381	2603
4728	9493
2381	6155
2381	2167
2381	10363
8007	15198
8007	15199
5156	7368
5801	3153
5156	1432
6834	4535
6344	14966
7237	7588
5381	9598
6378	12287
5381	544
687	11547
2441	4942
2441	2975
7494	15043
5500	2239
5500	5318
5500	5808
5500	5328
5500	4235
5500	4995
5500	5345
5500	1315
9761	4437
6931	6796
3528	1786
9119	14823
9119	4774
2947	11209
9300	14004
719	1091
3107	5386
2596	1323
814	12638
5590	5300
3975	14456
656	9487
2142	2929
5030	15198
6152	2515
4660	4143
4660	2807
4485	12880
84	13110
8912	14881
5258	4854
373	6346
1639	15140
4335	15076
660	13232
3993	465
3993	4372
5331	15145
1923	11679
6475	10936
3492	6809
4589	9256
1203	15150
4193	3901
7302	3292
2730	8303
740	2387
3856	3115
6684	8927
3239	321
3239	320
3239	857
8144	1749
2273	1668
2778	6042
703	15150
5703	15066
7783	10472
5909	2374
7622	12186
1707	834
2036	15106
8686	5816
5952	8247
8984	10727
5780	14452
2396	14964
8167	13231
2674	3085
2674	7844
2674	2143
2674	14641
2674	6650
9702	7078
9702	9404
2674	1050
2674	7137
2674	6889
2674	8197
2674	8239
2674	8340
2329	5452
2528	91
7494	14884
719	10991
2329	5882
6764	867
1993	8598
2381	5572
2381	3888
553	15170
7674	10124
4788	1579
3265	5872
1155	5304
7276	1545
7276	10212
7276	4342
7276	1350
7276	14316
3265	4184
7276	5717
7276	2379
7276	7133
7276	961
7276	4347
7276	2719
7276	4319
7276	12676
3831	14827
7276	8888
7276	7097
7276	2593
7276	6525
7276	8847
7276	7621
6174	14032
7276	5442
3265	13272
5662	14995
7426	2068
7276	5659
3265	4803
6174	14935
5449	2714
3265	8172
790	14504
9412	8598
4763	1790
7296	8298
4697	15086
3668	7514
6549	14460
5645	398
6639	12558
3567	7440
6639	14316
6639	14792
6639	15204
806	4714
6810	643
8995	14871
5229	5479
232	10863
1523	4994
357	12875
6919	14764
83	4116
8459	5530
660	14965
660	14978
660	14979
3835	2651
3835	2846
4153	14570
6555	11569
6555	10825
1461	8156
7238	11960
3074	2114
2209	14712
5977	8241
4544	13499
4544	15157
2381	9240
7692	8042
4030	8263
9063	9754
4630	13313
3614	6570
7066	11329
7066	13577
4739	15066
6853	11042
8087	15069
4739	15041
1606	2639
7494	14448
7494	7415
7445	6113
3128	15125
5428	6912
5428	11386
6639	12566
6367	15157
5428	3890
6367	6511
5428	927
3085	7402
3976	15157
5178	9234
5178	12026
9279	14966
5178	9947
5178	12326
5932	14519
7651	1867
4376	9122
5740	14719
2273	13636
2273	15170
2273	7901
2273	10811
2829	7383
7533	629
8574	15150
4066	1025
8503	15117
9381	3525
9381	6316
9381	2867
959	12393
3472	13935
4939	10433
3066	457
3066	1554
4939	209
8108	7881
9506	1953
7389	4846
7389	2356
2982	15023
7552	1944
1512	6541
1512	14991
1512	9132
1512	14277
1054	9065
2385	4490
149	13553
7162	13512
2528	1993
5379	14997
2629	7138
2629	6241
2629	9448
1542	15107
2381	9701
2381	2184
2381	2675
2381	3180
4186	15205
6378	15188
2015	4188
7589	13008
7425	7378
310	14422
226	7665
5937	15109
1052	1998
3032	1570
1052	4698
1052	4699
1052	6231
5883	5685
5664	10299
7651	660
240	15184
7651	4184
2202	1524
4797	8710
6209	15134
2461	7394
3870	15108
8840	15187
965	15232
2963	3546
2105	14959
2105	15109
2105	15051
2105	14712
112	13394
1607	8853
4276	836
9222	15044
9222	13423
6018	14943
6471	15173
2308	14063
5945	6700
4835	14930
7391	8197
6543	14278
8561	6836
5442	12886
8110	12191
9683	6821
6161	15041
6161	15134
1377	14370
1377	14999
1377	14922
1377	13609
1377	3578
1377	3757
1377	2305
2907	15157
2907	2868
5577	2068
617	3885
6453	1837
2542	14978
7372	6585
7372	4852
7372	349
7372	5022
7372	7760
7372	2635
7372	5386
7372	2698
7372	3326
7372	3342
7372	3329
7372	3277
7372	4278
7372	2819
7372	7471
4451	8710
3678	4121
4836	3330
7151	2150
9597	10027
7151	4995
5102	2797
4736	6159
5972	5579
5972	15155
5972	6778
1919	13354
1919	601
8700	5058
9350	1385
298	9129
298	8894
4683	15045
4459	1106
8768	1328
8768	701
8768	15143
8768	1983
3282	15204
3283	869
2981	7936
6972	13537
7930	15017
5490	11382
7494	4898
9156	2948
7276	2714
7276	14557
9692	12276
3287	14550
3287	10827
3287	9462
3287	13871
3287	2982
3516	15138
1159	8252
1980	14900
5031	15124
57	14356
357	11064
4843	6135
4843	316
4843	11689
2840	9885
4843	4478
3056	4971
3942	10007
9396	2363
5754	13246
9070	1015
9508	3592
9508	3793
5882	5474
9508	14410
9508	13313
7390	12269
9508	3782
7436	14297
9331	15203
5883	12313
552	2393
1380	4141
4377	2221
4377	12092
4377	3389
4377	3515
5986	15148
5105	5560
6371	1189
1833	15188
6840	8231
1554	3050
1554	5009
1554	13453
1554	10486
1554	6058
1554	2841
1554	9334
9731	13439
5912	3746
3190	2722
4153	13873
1194	14953
7353	5646
85	8792
278	4700
4699	10469
9390	10562
9390	1528
1511	15143
2531	6148
2476	14766
2127	13816
4251	14300
340	2411
5460	15045
6532	13694
1822	7332
1822	12068
1822	10496
2445	14224
5228	4869
2326	160
802	4317
3129	11778
1668	2381
1668	7270
1668	14803
379	546
379	2427
5490	14686
5228	14917
6730	12091
3807	2489
3807	6870
3807	4433
8677	3050
8677	15077
420	15090
9434	2113
9434	8882
4835	6937
4835	14573
5902	15055
5902	15107
5902	6868
5902	6532
5375	5614
5375	3789
7834	1636
9584	6556
52	14718
9381	3191
9381	11982
9381	7138
9381	3522
8407	14770
4314	15104
7368	3470
7368	15232
7368	15183
6378	5647
5252	8645
7940	12358
6554	6858
7324	13007
379	606
4974	2990
6247	1781
740	15145
740	12800
5334	11672
4806	7135
662	8046
9176	1653
9176	5719
7461	10317
9176	9097
9176	3050
9176	9609
9176	9511
9176	9512
4418	10125
7231	14877
7350	15110
2125	990
7664	9928
6689	8407
7664	2090
7664	13891
8342	2062
8342	4829
8342	15143
2179	2818
6713	9776
7626	14376
3728	1735
3728	4298
998	2644
1726	7177
5374	1449
5374	8303
5374	12387
875	1472
2426	3460
2381	10035
2381	5222
6826	15188
3714	3556
5001	1653
200	10973
6047	11314
553	15134
553	6354
3244	1608
8239	14864
8239	15121
8239	14649
8239	14466
8239	14778
8239	15011
5213	7027
3159	14813
3236	3202
3236	5267
3618	15062
379	6420
379	6486
379	1797
4739	6123
379	6541
379	7762
379	2287
3833	15160
6323	13083
6323	1509
1458	15095
7367	5384
6440	14826
1019	15237
705	2394
705	3002
6440	14131
2393	15168
2270	11079
2270	12490
1019	13901
6440	503
8043	1973
8043	9001
8043	4685
8043	1587
8043	14881
8043	4077
8043	5951
6895	62
6895	63
6895	708
4451	12390
8579	2205
2098	12322
6443	2183
2098	6926
8285	2128
2076	9272
3019	2621
4030	7654
4030	7344
7757	4754
959	2474
5068	15019
5068	14948
2220	7826
655	131
4027	1762
4027	5849
4027	2841
4027	4184
4027	1636
1470	8443
1470	5230
448	8392
1072	1990
5862	1275
3398	15234
8226	6529
3728	11318
7445	14903
9649	15092
6341	12942
1488	14020
1488	8649
1665	15076
4027	2025
7205	7106
616	1157
5937	648
5937	15223
2313	15177
2542	14554
8579	3219
437	15044
7075	15145
7075	10203
7075	14886
7075	4334
7075	9487
7075	9685
8927	13772
3287	7259
8927	14983
3287	6481
3287	14840
5780	10248
1337	15042
1174	15187
3993	2490
3854	14617
2822	14004
5618	9122
8223	14155
3059	1113
3059	333
7674	4232
7247	7415
7247	13835
3365	3050
5212	7485
6350	15191
3088	8357
1236	1218
1236	8937
4295	8766
7587	5305
7587	9695
4276	4741
6685	5150
16	3566
1178	8805
656	8365
6962	5561
1178	8877
16	3967
3663	14452
3663	9316
3663	14476
3663	14997
3663	14550
3663	8683
2045	15059
3102	7627
1178	4186
1178	4118
1178	7765
8324	3610
8324	4956
1178	177
1178	12800
1178	3948
4893	7535
4893	4633
4531	10507
4893	4092
4893	6821
4893	2271
4893	1511
4893	13571
4893	5711
4893	2438
4893	4475
4893	1813
4893	6306
4893	11630
4893	6575
4893	6323
4893	11629
4893	1818
4893	262
4893	6151
4893	5757
4893	210
6440	4539
8060	14755
7886	1254
6797	11941
4603	7636
2751	8226
8710	14768
6466	15138
6118	13564
5808	5778
8195	1130
496	12360
4925	7165
2210	2225
8823	7741
9166	15143
617	14964
7515	264
1671	15234
1895	12422
5379	15053
5379	15124
5379	15140
5379	15006
5379	15138
5379	15134
5379	12109
5379	768
5379	717
2793	14273
4166	15194
4166	15107
2015	10619
1469	12613
2325	7339
2325	4788
2325	8242
2325	12665
2325	9660
2325	8622
2325	14706
3069	15107
2417	15126
6336	10174
3003	14683
5294	9458
8130	13002
8414	4080
614	4691
5883	1514
2289	2721
9578	6527
4641	12570
2214	10562
2381	8496
871	3304
7267	14886
7267	13960
7267	13920
6059	12583
3713	15104
4341	3960
3287	5326
3287	7503
3287	7526
5773	15078
3287	11299
3287	6800
3287	14074
3287	1364
3466	7599
187	3385
5257	14720
187	3201
187	1793
187	573
6246	7388
8209	15195
2413	10061
2413	6320
2413	9952
2413	6168
2413	7218
2413	14685
2413	13938
2413	6271
2413	5374
2413	14525
2413	5980
2718	3594
8373	8509
4554	12693
9257	15135
3477	2740
3144	3586
3144	14729
3144	2186
7294	12817
2923	3144
7870	11988
1919	14664
1919	4466
6590	9001
6590	7163
8274	7297
3829	4089
1031	15157
1031	15187
6698	12124
5688	14452
5688	14906
5688	14928
5688	8103
534	4838
9227	12013
800	15123
800	15121
6690	8288
7712	15107
2105	1878
3728	3115
2240	12964
610	4713
610	2811
8805	2530
4526	3586
4734	15223
4164	2020
8598	11886
2234	15210
3287	8529
2170	12487
2170	11011
8268	14870
2170	15194
7658	14577
4164	5610
9649	15172
2631	11692
239	5349
278	9134
2682	14287
4317	7213
4317	14964
8223	334
8223	1861
8223	2459
8223	145
8223	2100
8223	5801
2836	7656
848	12916
8414	14469
6945	1586
5635	2342
1497	3416
7276	5270
8993	15195
4060	4210
4060	2420
7727	3568
769	8842
7727	13483
7727	3376
7727	8256
6827	15150
6937	555
8776	13846
8191	8873
5668	14758
7224	2805
1425	10367
49	13044
5102	14664
7031	5158
7712	14803
5669	1946
4659	14101
523	263
523	14005
523	8855
523	14434
523	14713
523	9188
523	5911
523	3325
3016	4092
7578	14906
3016	5047
523	13447
3016	5048
3016	5049
2928	15184
8383	4942
2015	10333
9352	14013
4659	7239
4659	14679
9154	3784
553	15168
1536	14948
7674	12001
459	10018
459	14585
459	3314
8768	78
8814	15147
6756	234
3027	14993
2830	14894
636	15137
2390	12923
459	12253
459	13273
459	14260
459	14891
8212	14273
9115	11476
1060	1668
1060	6312
1060	11698
2828	11391
8117	3200
2125	5410
5476	9376
9779	59
5633	8666
8383	13782
4317	3058
6931	15194
5274	14874
5939	14948
5939	6903
5939	8437
5939	14613
5939	14279
5939	14549
5939	5321
614	1953
2273	13693
354	2447
354	4045
4911	13012
354	3559
559	9965
8454	14345
4020	7738
523	1622
9700	2942
8089	8071
9700	15237
9700	15179
9700	10810
9700	15045
9700	5409
9700	3942
9700	15107
1172	7621
9700	14685
3157	14713
3157	14221
9431	13433
2845	201
2408	14690
8449	15031
2139	15155
7350	15244
8591	15241
3106	15117
1488	15254
1197	5864
2363	5591
5372	3042
6427	15241
1201	15075
4605	12893
3950	15175
1312	4267
1891	8999
8087	14876
2400	292
2318	9513
2318	9465
5859	15223
6507	14983
9245	1515
218	4824
6479	763
5669	8780
9816	1545
3104	15045
7767	1733
952	15045
4420	10767
952	15107
8137	5847
8665	12524
6440	2072
6440	13734
6440	13969
543	5986
6440	11711
8267	15182
2631	4541
1312	15190
7917	15099
7838	6004
7838	15134
7838	14804
612	6716
612	5055
555	6837
5712	15176
7412	9650
7685	15154
2393	15254
4798	4059
3755	15171
2528	3770
1563	15190
6532	2662
1563	14013
3492	5967
6589	14500
7412	11382
7412	13857
7412	9365
7412	8704
7412	10501
7412	9217
7412	10264
7412	4333
7412	2870
2533	947
2533	1797
2533	2065
2533	1818
2533	3326
2233	11089
2502	3596
7791	15028
7791	5279
7791	5813
7791	13961
7791	9674
132	8090
4531	14226
5274	13858
2530	8338
5024	14730
5024	14433
8122	11354
2381	2699
2381	3595
2381	1482
2381	1535
2381	6868
2381	6532
2981	10020
4382	14729
4382	14656
4382	6607
2981	13698
4285	15222
7185	5349
7185	14399
7185	14997
7185	14288
4760	15183
6943	7762
4760	13316
2913	14481
2913	14646
4672	12819
8301	15122
8301	3879
2981	15111
4680	14622
4592	15237
4680	14993
4680	15000
4680	2941
4680	15168
4680	13163
4680	14864
518	4112
319	6752
2533	3000
4531	14288
2017	14718
5859	15234
7820	15093
5640	15177
972	15254
972	15077
4286	884
6163	5049
3872	1227
6163	9408
6163	12880
6163	12679
9324	616
8123	14988
9481	15119
6527	13788
8034	11318
5274	15293
8830	15176
4009	4476
4009	10478
2960	13708
4065	13276
3980	7599
9646	9185
7709	1227
926	6402
914	14344
4251	143
5785	10713
4251	14550
4251	11429
7274	14918
2604	11471
5999	5387
7790	14712
8440	12373
8440	7225
8440	15125
8440	13887
6174	9151
3365	805
149	13921
1361	13066
1361	14909
1361	15035
3134	6206
213	15107
7162	3613
5712	15177
4897	1177
4897	5993
4897	1515
4897	5954
7151	5808
7151	252
7151	1324
7151	1503
9479	9179
9479	10427
9158	9935
5729	2905
5729	8837
9639	4502
789	8575
5452	15210
2325	5337
7137	15089
4251	9648
7664	1182
7664	1990
994	8169
2381	1633
8230	9752
5609	15110
5609	14283
5609	14317
787	1459
787	574
787	14420
787	5233
787	4347
787	7752
787	3189
8543	6823
787	198
787	7758
787	614
3500	2395
5031	15135
4788	1702
2915	11757
7276	8825
448	7142
448	5741
9396	8983
9443	10356
205	15151
2273	14196
3576	15155
379	8858
379	2802
4526	2200
8441	15241
7388	8663
5629	14890
5332	5928
1879	5418
7388	3030
819	12242
1259	15107
2253	11188
2253	9371
6536	14406
7886	441
8989	11408
2809	11870
8653	6814
6847	2090
6847	7621
6847	5549
6847	2420
6847	6672
6847	1315
6847	280
553	15124
3949	14901
553	7634
8014	14391
8014	2994
8014	2207
9823	3622
8334	5190
207	15195
4393	14659
4393	371
4393	9396
4393	7294
4393	14975
5499	14799
4393	14596
4393	8999
4393	9000
3871	6337
4111	14719
3363	3693
5274	14992
5274	14991
3842	3945
7964	14933
610	2032
610	4589
610	3620
4590	602
9506	15114
9630	1433
8700	15293
2358	2941
1869	8511
1587	15220
3343	9592
1671	867
2151	14486
1019	5131
1019	5893
1991	15195
4249	15293
1392	15119
1392	1921
1392	14860
1991	15072
2381	2867
553	14802
1561	15073
2845	8887
2671	6755
4832	340
4832	5222
636	15236
5107	9463
5107	10343
4610	15244
6247	2941
7252	7568
8912	9335
7252	9086
7252	14057
3529	1062
3529	6579
222	15191
3506	15105
7653	15134
9279	14191
9279	4700
7338	11345
9279	12492
1498	9
747	367
1048	15239
1498	4359
1392	14347
1498	3739
1498	2343
1607	4972
7911	9240
7294	10179
7224	10028
5764	14305
7688	13407
6445	15072
8911	239
5785	12900
5785	15254
8061	15218
3343	4069
5387	15244
204	9240
7134	13134
1392	13871
6903	8835
6839	9439
771	12215
771	13939
771	5029
8414	5864
8414	9436
2400	295
7376	14664
7376	5015
7376	8516
6428	4829
6428	10073
6948	369
3343	9948
3343	4830
162	3054
681	11425
9557	13028
9156	496
8391	3519
9142	8946
9142	4255
5723	8509
2431	2229
2431	11189
7327	15019
2263	3660
4251	8194
8842	14871
8372	8326
2772	6823
7476	5655
5511	7599
4737	7066
3728	12800
6998	12937
4276	3668
5440	153
2625	14910
4134	2847
4889	10866
4889	14218
4889	6361
4889	9799
4889	10061
3871	14540
3477	7814
2629	13856
125	15195
4251	14345
4141	2490
4147	13495
617	15134
1498	5985
7152	15196
3069	6956
4166	15168
4166	15138
4451	2253
4145	1279
4145	1984
4145	369
4145	2340
4145	817
4145	1227
4145	1406
9003	6804
9003	10361
2393	15266
9003	10176
9820	9085
2185	10271
9003	3248
9003	3116
9820	12639
9003	1258
6292	4312
4305	369
274	13904
7486	13834
1461	4844
7486	15027
1461	2575
7578	14870
6488	6871
2381	5468
2381	14528
11	2905
4281	6810
7849	453
8017	15128
3026	15218
4697	153
2661	903
2686	3345
9442	733
9442	9646
7488	5041
7659	1567
4155	14997
4155	15040
529	3735
9681	2652
9681	7134
9681	3594
9681	714
9681	847
9681	3827
806	11425
3854	14819
904	14877
4835	13862
3088	14948
3088	5700
4503	1778
4503	554
4503	1758
4503	14169
9555	15075
4934	8415
7409	1723
9158	6828
3781	5770
3781	5755
6143	6999
4123	1329
875	4845
875	11630
875	2068
1508	658
8430	8444
7892	9696
492	15071
5826	4110
3707	14447
3707	14503
218	8173
9257	1094
117	828
9033	13125
9033	2300
9033	13772
9033	10017
9033	2510
9246	7650
479	11318
9033	1355
7242	5005
7242	12309
479	6948
1387	2058
9554	15044
9554	15213
9554	15165
9554	10044
2164	15104
1250	15154
7422	15035
1058	5967
656	13041
7823	15015
4861	4635
4164	3385
4503	2186
4503	3901
7920	11552
2381	3789
5461	9921
5461	10170
5461	9448
2823	4610
5461	7254
5461	6215
5461	4456
5461	12493
1477	14820
1477	3738
5461	11266
5461	1585
5461	3781
5461	703
5461	8923
5461	832
5461	2174
5461	6560
1122	14329
6571	15236
7614	15039
7614	11925
6057	14917
360	9409
360	14607
360	14256
6074	14402
4171	15199
2911	15155
3841	15129
6850	15138
4033	6306
4379	9110
4312	9742
4312	7752
4312	6672
4312	7758
5662	15134
5662	14525
1661	418
5812	7959
5812	15051
5812	7592
5812	8759
5812	8975
5812	12600
5812	14712
5812	14910
5812	14772
5812	14685
6887	12214
6887	15109
7368	15291
3137	8627
2629	7044
3500	236
3122	6554
4663	15187
2474	10954
2370	12552
4316	8826
534	14706
2970	49
2970	3265
1754	9712
9739	9078
9739	7219
9739	3189
9739	3661
1754	14651
3666	11334
9490	4971
1315	7363
1869	9683
2474	4959
9779	10910
5607	10799
3320	14726
9628	9790
994	4403
994	8841
994	3667
994	5688
994	5353
994	14466
994	11659
2671	10146
875	6059
1891	568
3569	5260
3875	15160
9312	6420
2090	3666
2090	9287
7360	15322
6937	4581
4194	8939
4194	15254
6839	11485
1484	953
9761	2562
1128	15134
1128	14683
1128	14983
1128	14962
1128	14804
3606	1620
3606	1619
3606	14528
3606	14983
7008	14434
9296	14578
52	3789
5213	7846
6425	10028
1442	8321
6425	6881
6425	10266
1442	14697
6425	14304
6425	3480
1442	3342
6425	1184
6425	1098
6425	10438
6425	14778
5470	9396
9249	14299
9154	4135
2381	6639
7805	13651
2592	12011
3253	15220
1899	1826
5753	13759
4389	9644
4389	333
363	14206
363	14691
3059	1315
8809	6946
8809	255
8809	2657
1084	2724
9207	3097
9207	14615
9207	11093
5666	7033
5666	15028
5717	7495
5910	15258
5826	11515
1465	15188
2381	165
9607	2105
5098	14797
9364	1231
4768	15124
4663	14980
4663	8683
4663	14120
4663	14983
4663	12757
4663	3007
4663	14943
8215	3414
5291	6079
3343	1096
9723	5438
9723	5988
5213	9063
754	2949
3343	1016
8094	82
8094	5004
9469	9283
9469	141
9469	12838
9597	2831
5220	11483
8414	6333
1510	9075
8408	14983
8408	5040
8408	5023
8408	5041
8408	8
8408	7778
8408	5025
9824	6155
5269	6498
8408	5000
8408	844
8408	845
8408	5042
8408	3795
8408	843
8408	5024
8408	882
8408	2760
8408	867
8408	14659
8408	4986
6687	3422
8408	14179
8408	12243
5415	5271
8408	4573
8408	10613
8408	5516
8408	9815
8408	4293
2845	6429
3630	15055
8408	735
8408	10285
8408	2774
8408	9096
8408	5316
8294	14131
8408	2651
8408	7393
8408	7984
8408	3954
8408	8031
8408	7696
2629	6853
8408	7456
8408	7030
9457	9883
8226	2899
8226	8847
751	13006
532	9323
3673	15142
6274	5280
6274	3100
6274	4287
6274	4336
6274	1939
6274	2266
2396	12558
3408	7308
429	2842
849	14864
8146	6413
8146	1098
582	15114
8529	3425
9363	15086
6197	14897
6197	10189
6197	8171
1547	12067
9505	388
9505	411
9505	305
9505	311
9505	300
9505	304
2072	8324
2072	14673
3408	12980
656	13061
3408	13958
3408	7228
3343	7956
3408	11111
3343	3059
3343	9593
5129	10455
668	3971
3408	6037
3408	7224
3408	13770
3408	5192
6128	2460
4646	2383
5986	15266
8543	6821
9167	9572
1773	11613
4039	4158
4019	4109
2150	12169
8466	4714
7265	6374
5580	6579
2528	174
1399	7079
7136	9477
4251	8565
3904	91
5522	14772
5522	4022
3904	8689
3904	3355
3904	9180
3904	14289
3904	7912
3904	7913
3904	8659
3904	5644
3904	5645
3904	11189
3904	3399
2007	2793
5149	3470
2604	810
7000	6912
9081	7814
9630	10738
4933	8894
6458	11321
9505	314
4660	3326
3477	13577
2147	13425
6039	12308
3408	14877
5273	14162
2102	12682
4029	2610
6759	1304
2013	4590
6759	2815
6759	8294
6759	3660
6759	2675
3408	5293
3408	14410
7168	4843
3408	12323
3408	8975
746	1577
746	3271
8819	14300
6402	5248
8819	6154
746	13024
746	2500
746	1712
746	7361
746	1283
6056	14208
6992	87
746	353
746	9323
6759	2311
6759	5684
6759	4485
6759	9704
6759	8731
6759	901
6759	13357
6759	12679
6759	3944
9538	4809
9538	7098
582	15020
9538	3184
9538	7613
9538	14459
9538	14302
2432	3153
2432	7836
8537	15208
9170	8382
2381	4069
2381	1777
549	10486
4164	3310
726	14901
4841	9153
7551	6319
1442	15107
7551	334
7551	834
7551	465
7551	5804
7551	5699
7551	6521
7551	8007
7222	1147
3244	13936
3244	14416
9537	10181
8299	14020
553	1778
2533	3350
553	15138
4806	15175
4806	15125
3730	15187
9332	5896
5796	2578
4320	15078
2131	386
2131	416
3408	14090
2131	350
2131	4748
2131	4729
3408	14692
3408	6625
9298	4308
8098	1916
1377	14915
1377	5222
1377	8835
1996	14235
4691	8667
9097	5426
4527	2844
6773	5624
4145	1928
4145	3692
4145	3928
8056	14660
5665	7359
5294	9745
3955	1254
3730	15293
9154	2445
8045	2810
8045	9039
4388	10362
1703	15258
8036	15074
7685	2357
9615	341
8451	15194
3424	15194
3408	15167
3424	4094
3408	7199
3408	13916
3408	14911
11	4748
3408	10746
3365	13813
107	15135
9010	15173
3722	4117
2400	1574
6890	110
6149	1953
3966	15211
9396	7884
2127	7204
411	9310
8229	1285
379	6301
1805	15258
1805	15125
4699	4266
994	8697
994	8294
994	3751
3408	5428
3408	7549
7778	13586
1380	14886
3966	15138
3966	15135
3966	15230
3966	15041
3785	836
3785	3592
3785	3870
3785	2648
8618	6267
3785	4098
6402	5629
3618	12287
9552	15171
7247	8990
1172	2061
1172	10535
3699	3905
3842	15019
6834	7434
9289	7650
4602	15258
614	4774
5635	2600
2416	8623
5635	678
7797	6571
3925	4422
7362	12928
4902	1165
7182	14973
632	14839
2318	15011
666	15246
6754	2769
2477	2299
3834	758
1058	3093
1048	15224
265	15180
412	1733
939	235
412	13571
553	4016
3835	2372
6499	13214
8120	6871
8120	6744
8120	4292
8120	6300
8120	3660
3408	11043
3408	9722
6223	3106
6223	1248
6223	15194
3408	9142
6223	15254
6223	6213
8677	13667
7064	6880
3109	3568
3109	3594
3109	1818
3109	3119
5416	7402
3109	2147
3109	8999
3109	1580
3109	10080
5416	6950
2625	14199
875	523
2281	9396
3387	15264
6271	4134
6271	12626
6271	13899
6271	8245
6271	12274
8141	3216
8141	11468
8141	5233
1226	15190
7426	12243
8496	14012
7426	5992
107	788
107	790
107	7456
1351	326
5796	6050
4197	10109
6791	8160
5668	15150
7659	836
2397	14438
3804	3446
8732	597
8732	1613
4926	1567
3776	5476
3408	7466
3408	6475
6507	13340
6773	15155
9110	15194
9110	1652
6109	10658
9110	7064
9110	15254
9110	12521
9563	14472
3299	13193
3316	2083
3109	1252
3109	3683
3109	9353
3109	2504
3109	949
3109	9323
3109	6355
3109	1222
3109	11025
4590	9150
1590	15254
2661	210
2661	1408
8465	5560
8465	3236
6853	2607
6781	3005
5461	12495
3102	9407
5522	13189
9757	803
6939	15322
198	1516
198	7395
8184	15007
198	5052
198	2318
9352	15224
710	12330
668	2072
412	15222
7875	15129
5681	3392
5681	6640
5681	6542
8412	8201
2090	2644
94	14527
5838	8356
140	3668
5733	15204
7714	4474
7714	170
7714	7528
1579	4901
412	15195
8191	10455
9436	9842
3034	13064
3034	11864
3034	14434
3034	14713
4281	2935
1599	13817
5599	6456
4497	15246
4524	13837
8449	9640
29	15141
1723	3575
4746	14994
1723	7571
9263	13786
1723	13481
7797	6277
1723	65
162	5110
162	4553
162	5700
162	808
162	7006
162	3861
162	7106
11	386
5544	15085
1858	7285
1858	8062
1752	15241
1858	12363
1858	5082
1858	10484
1858	4333
1858	14701
1858	11382
1858	10131
1858	14022
1858	15069
1858	10371
1858	9057
9263	5246
3675	12260
8238	7717
294	15241
6597	2772
1194	3893
4337	14452
6226	13284
5072	15224
5233	9240
8191	8895
8191	8881
8191	3890
8191	3667
8191	4793
8191	5540
8191	6097
8191	3777
8191	1157
8191	7300
8191	3502
8191	7371
8191	3326
463	3870
8191	1702
8191	2581
8191	4184
8191	2906
4893	5766
9508	2439
6327	11845
1298	4214
5461	2187
7597	10900
8215	15043
8215	6194
656	7942
6043	14314
6043	14962
582	14543
52	2917
3077	12911
6648	12429
5202	14416
3917	2728
3917	15106
2381	1619
5281	3594
1597	1200
3272	15106
5872	1109
3791	7928
480	13579
1370	15158
1370	14480
7780	12875
7780	5824
7780	5603
5474	2877
1203	15173
5669	3367
4560	8686
4560	13486
4560	7527
4560	7750
4560	1908
4560	7064
4560	4439
461	2851
3026	15246
8391	15280
1477	634
1477	14919
3060	2210
3060	1725
5469	10460
1186	12513
1186	13922
1186	13149
9086	6224
4220	8433
8141	7785
2632	3656
3578	12026
6118	5636
6402	1192
6402	3274
4654	5738
2987	5887
2987	63
3285	6911
3285	1788
582	14662
899	14347
94	7479
94	10010
9752	2953
94	13943
94	15099
94	14587
94	14198
94	14586
7504	4228
4468	13404
4468	14202
94	11987
94	13380
9267	4290
3761	15166
5666	6368
4095	4233
5970	7359
4621	15177
5970	12645
5970	14316
4806	15191
996	6644
6635	1209
6635	934
7031	2311
7031	14995
8749	6793
2185	7535
597	5941
7321	1835
2436	2624
42	4503
42	14777
42	14830
3296	5988
3296	14812
6143	15084
4694	15232
42	12679
42	14962
42	13820
829	3359
4798	1323
4202	15038
3341	14823
3341	6152
1380	8805
1891	6345
1380	12102
298	10689
298	8468
3643	14387
3429	14871
5665	3942
8819	14453
8819	5738
8819	15121
8819	3890
8819	7129
8819	34
8819	6236
959	7696
5252	10167
328	2856
7843	8846
2933	11055
3299	461
4068	13286
5624	1549
7657	15204
7726	15254
5258	1083
5258	8894
5258	11028
5258	6943
4503	547
4484	15222
8215	9318
8215	10956
9761	1025
7651	255
7651	759
7651	256
2863	14918
7294	9150
7294	9541
7294	10105
3515	12636
8215	6888
42	13357
42	13339
42	14474
42	12301
1841	15133
3712	15322
6371	4546
4788	2309
6141	15317
3198	7232
475	14915
1701	15180
4641	14918
6590	6605
1498	3479
139	2458
2724	28
3755	2207
6499	14315
745	9153
6499	3071
6367	11266
7015	10471
8830	15164
3387	14840
9097	2113
9097	2465
7644	1786
7644	8447
7644	2715
7644	522
7644	523
7644	2698
7644	7075
7644	13096
7644	306
7644	11181
7644	120
6999	8699
3955	1289
6999	15125
3460	15266
4105	15254
1597	5817
1597	2906
1597	2101
1202	14877
7106	8890
8449	11435
8449	14325
5676	1193
3026	15242
2934	590
8377	15242
2934	1511
2381	183
3019	2581
7880	9578
7260	5027
3643	3604
3643	5270
8038	5574
9131	15134
4336	11255
6117	279
7324	9029
4018	15194
6427	15322
582	13817
3043	8958
194	15150
8859	15054
5703	6402
3964	643
6126	5084
6058	15084
904	5808
5646	2005
7613	6997
76	451
7613	9928
1337	15135
671	2021
7870	3031
6967	947
6967	4997
6967	6705
6967	8574
6967	5703
6967	3800
6967	2081
6967	1356
6967	7762
1862	573
1862	5567
1862	3389
1862	5474
1862	11082
1862	3917
1862	4455
1862	542
1862	2455
1862	6420
1862	3850
1862	3532
1862	2128
1862	2675
1862	4433
1862	5222
6330	15226
6967	8513
2874	15177
9018	13146
7820	15293
58	11795
8443	10189
8443	15041
5977	7751
9443	6913
5977	8124
5977	7009
8112	8323
4317	14777
6983	1488
582	13681
6122	306
5024	15293
5024	14895
9027	5061
6754	11072
7062	15245
5267	9859
3106	8624
1392	15086
3741	1814
7290	649
7290	2707
7290	279
7290	4051
7290	1246
7290	4018
7860	15134
7290	44
7860	14400
4546	14318
559	6768
1366	7715
1366	5740
9516	1117
2970	11028
2351	6446
2351	522
3789	14031
2934	3089
2934	6869
2934	353
7577	14069
6800	5768
6149	5911
3073	5586
3073	9396
3073	830
1558	8228
2822	2768
774	9625
1592	11547
9263	9680
8085	8972
2170	12242
2170	10042
6702	4786
6702	14468
3834	416
6923	9403
6308	15045
6895	839
1628	1833
4774	5746
4292	3443
6800	13820
2325	9436
9344	15064
9344	13528
9344	15000
5389	12265
1300	14373
441	13519
9160	4942
8930	9339
8101	15281
8523	12993
8523	7097
8523	1161
8840	15297
5977	6470
5977	51
5977	6663
5977	1668
5977	7610
582	13633
5977	7037
5977	2405
5977	14152
5977	3590
5977	3831
8209	15242
5977	11820
8616	9281
5836	9677
8043	3053
2436	9112
2530	614
8078	15249
4497	15164
904	2931
9157	11161
8088	14273
7473	14639
3272	4989
3272	6074
3272	5495
3272	3344
3272	18
9257	3286
7911	8182
6363	6231
7585	7816
4596	8904
4596	4403
4596	6358
4596	1928
2393	4158
1545	7864
4899	9813
1545	13061
3016	10647
3016	9320
3016	6456
3016	5308
3516	15177
4985	11745
94	10485
582	13626
582	13714
1003	6852
5830	13241
6177	8539
5054	13384
3569	3740
3148	12484
8616	15254
5332	2371
5679	10251
2525	4376
5618	1175
2525	7786
2525	11891
473	2810
7136	3514
2525	7288
2525	1726
4301	15300
2227	13891
4807	13275
2644	12693
4807	15205
6226	2841
6226	2438
6226	14917
6226	6362
4807	14388
3607	15052
8995	14796
8995	15293
1392	13317
3004	15297
694	13233
1316	15156
1316	15112
751	2920
904	9808
8830	15138
4341	6443
4341	5440
4341	7756
4341	7100
4341	5442
4341	6533
4341	7019
582	12379
6903	15164
8206	15291
750	15056
2381	2466
8666	12972
5253	13697
5253	13293
1751	9415
4601	4905
2170	13585
9634	15117
3673	5278
371	6948
5669	1758
2933	5652
9384	9520
1241	12398
6851	4211
6851	1421
6851	250
1831	6605
3534	11855
2194	2297
2446	6124
6726	9990
2671	8431
2671	12090
4341	12558
5932	631
5932	8982
5814	1581
5814	8460
5814	6174
5814	6175
5814	6173
5814	14259
7651	5847
9752	4729
9752	6059
9752	6650
9752	13789
9752	2570
9752	4730
4502	1093
4502	6088
4502	9056
4502	14006
3884	658
3884	1797
3884	639
3884	3850
3884	11105
3884	4358
3884	2361
3884	3971
3919	5832
6056	10467
5429	15307
156	12586
330	2889
330	3187
330	3470
330	927
4251	14299
6627	241
6670	15164
8110	15162
8301	13067
5072	15197
9059	4685
2259	8082
8675	15333
7504	6541
4320	15084
7504	1851
617	15180
6897	15320
406	2342
7911	2822
1149	8504
6781	9926
582	13242
4251	14778
1097	8305
4541	13196
2356	7109
1025	1613
2671	9920
7982	15164
326	4861
9488	13528
9488	12205
1891	2489
7476	3789
4408	15045
5668	7538
8216	2350
4764	9915
2516	1595
549	9737
5607	14604
8209	15320
2549	2997
5741	15162
2571	15320
8226	6451
1073	13597
9263	12942
3104	15248
9586	13925
11	4736
904	9403
3129	10117
4602	15320
2142	8358
1076	7695
7224	14023
82	13384
9761	13296
2664	1851
582	12096
3449	14962
6479	14747
7521	1979
9696	15226
7756	2702
7756	9934
7756	13631
7756	7790
7756	7401
7756	6886
7756	6451
8087	5082
3885	758
8087	15067
3885	15104
8087	8929
9715	1929
8068	14179
8068	15293
1262	7862
8068	7538
6583	3601
6583	4010
6583	15230
6583	8834
6583	6445
6583	14928
6583	14762
6583	6322
6583	10266
6583	5335
6583	4005
6583	3060
6583	4260
6583	6868
6583	4592
6583	3157
6583	7520
6583	14135
6583	6871
6583	6136
6583	13680
6583	4265
6583	2170
6583	7237
6583	2120
6583	3102
6583	6705
6583	1862
6583	3460
6583	5967
6583	6532
6583	3789
6583	14906
6583	1722
6583	8835
6583	559
6583	2756
6583	7279
6583	8832
6583	13976
6583	8410
6583	13079
6583	10552
6583	8466
6583	2982
6583	3718
6583	13248
6583	6120
6583	8985
6583	7035
6583	1793
6583	2931
6583	6457
6583	2971
6583	8780
6583	3277
6583	14735
6583	1874
6583	7075
1337	15320
5875	2083
5875	3156
875	5363
875	3649
4501	2174
8571	14081
875	9847
8805	8326
875	2876
7911	3713
6823	2439
4273	6282
1592	8441
3880	2184
7426	15246
1453	13385
7426	4521
7426	11081
5233	5039
5233	13248
5233	5041
5233	5040
6797	7571
4454	3003
341	1436
7714	891
6681	3845
8148	14871
8148	8434
8148	4356
582	11714
9167	9981
9167	13988
9167	8049
2351	6059
2351	8823
8672	15002
8672	11531
8672	12169
4818	6959
4818	15095
3849	15189
9309	14893
7721	14623
6560	4820
2369	1165
412	15244
6525	15176
94	14939
94	15343
7276	8414
7276	9842
7276	3615
9563	7414
9197	15171
7549	433
1428	8317
697	15245
4155	14497
764	15293
9363	15263
217	10308
4454	3004
4590	15291
5724	8389
5724	14194
5724	12015
4590	3328
8170	1026
9385	5322
8172	5368
8514	15254
7205	3955
8514	15182
1810	4830
1337	15164
8138	13909
8087	7037
532	15293
9154	756
4158	3536
1689	15162
215	8098
9331	5706
461	5576
3869	10369
6882	83
6882	3000
461	5298
4030	8573
4030	7396
7480	10362
8248	14962
6987	3051
7349	14316
7349	12558
1946	15154
1946	14839
3380	15007
7445	15198
7406	3991
4581	5733
5213	11586
5454	15208
185	803
582	11357
531	13064
531	14525
1413	10992
1413	2291
6507	14259
582	10521
8612	758
8612	3410
600	15230
600	176
600	14758
600	4581
600	4541
600	4552
3490	13357
3491	5562
3027	6873
3027	10653
3027	5028
3027	14423
3027	214
3027	5381
3027	6676
3027	6220
3027	6303
3027	14893
3027	11953
3027	13203
3027	4960
3027	2412
3027	13630
3027	13993
3027	11198
3027	14662
3027	13626
3027	9420
3200	7005
3027	13677
3027	10516
3027	13091
3027	6392
3027	13093
3027	14542
3027	13155
3027	11621
3027	12962
3027	9815
3027	13410
3027	14374
8762	10869
774	5924
5381	3702
4078	6161
5070	14886
5070	14882
5830	14651
4724	2893
4724	8339
4724	1545
4724	7619
4724	8020
4724	6729
4724	11698
5421	7462
548	3560
3027	14962
3027	5110
3027	14581
3027	14894
3027	14708
3027	1887
3027	1696
7589	14191
1069	5141
1069	9360
8377	15320
7651	758
1315	9240
1201	14757
4403	8476
5787	15307
395	13727
582	11145
582	11083
850	7059
582	10701
582	10768
9661	3060
7578	15073
1590	12767
9154	2601
553	14894
553	3922
2933	7758
3958	832
9344	12495
9344	13705
9344	13813
9344	8772
9344	14753
9344	7582
9344	2899
9344	14115
7929	15325
1811	8143
583	13542
6128	5817
5579	12327
2256	6712
78	8699
7494	4899
7494	6794
8675	15255
9579	15320
1603	15358
6310	14984
7288	15066
6235	8770
5624	8688
1812	13712
2386	15307
3208	15320
6169	14986
7727	2219
3208	15242
8862	12202
9083	5388
582	10662
582	10395
582	10081
582	10473
9578	3243
9578	7065
6648	5283
8577	3183
7367	2478
1891	4161
1891	10178
2799	13506
3307	251
2857	4535
702	6938
3491	5561
3491	4613
3491	6123
9669	9677
8642	4222
9210	14205
7597	10129
9210	1242
9492	8728
8264	38
8264	3513
3845	7797
3845	14914
6759	15134
6371	14881
6371	8339
2661	1895
2661	3430
1356	14905
7476	4741
7075	15319
7075	15258
9629	15166
7075	12681
5372	493
3582	9863
2111	15107
2111	14685
2111	3231
2111	466
1759	14307
7705	13878
9476	937
6887	4931
9717	3648
8325	3885
9063	8324
5644	15135
6897	7818
5221	758
4856	15313
9602	12723
1835	15246
4574	15075
8741	15177
3200	3363
582	10187
4217	2366
17	6173
5003	14361
1240	4080
5535	14539
6668	54
9287	12034
8298	13977
5149	10215
8298	14401
7247	15124
4473	14935
549	15293
549	3174
2393	15216
549	2888
549	528
8512	8413
2666	15083
2528	5158
6149	4235
6149	3580
6149	12676
2666	15227
1072	5524
1072	3003
8447	3255
901	14301
582	10066
582	10235
771	14218
4184	13698
771	12715
771	9177
771	12583
771	10773
771	15011
2661	5035
2661	9404
2661	790
2661	7119
9776	328
9097	2593
553	15164
553	425
4565	14917
6344	13753
2322	5730
9642	9335
8954	15105
505	1364
215	10197
6659	15164
8451	15246
1581	13415
185	3342
7783	15218
9131	14966
5599	3235
7677	272
7677	269
1752	15222
8644	15064
8644	15220
8644	15124
8644	15041
5630	14735
6673	5914
3440	15266
3440	14525
3440	14964
3440	8194
3440	10331
3440	9991
6543	10064
3440	12274
7622	11554
582	10143
2122	133
6496	6937
2861	1851
437	12650
5635	4108
5635	2353
5655	12605
9276	15060
7008	297
7008	2299
1829	15068
4169	15122
5676	431
8413	9439
2781	571
2781	9143
2781	14815
8267	15266
9044	2858
4926	1758
3159	15084
2781	7096
1870	14983
2781	2984
2781	9830
2781	454
2781	4306
2781	5084
341	6894
392	9998
392	8918
1962	361
1127	1505
9652	15080
2980	15173
2519	9884
4173	5588
6597	9584
3314	15092
4798	11472
582	9472
582	9429
2930	8047
8911	15218
2725	14621
2725	15254
2385	15301
813	7753
995	13508
995	2415
3993	6581
3569	5630
7504	1512
7504	8878
7504	2128
7504	3035
7504	6438
7504	799
7504	2361
3101	1770
3101	141
3101	14372
2879	13586
8865	15262
7841	15164
7494	8441
7494	8448
9194	15262
2644	12236
6434	1905
1445	11066
7934	13296
3949	9742
3128	15242
9131	15256
6923	2529
6923	1884
6923	1251
1041	15340
852	15178
1592	974
9516	14099
2386	15150
8872	15129
3613	15130
8872	15092
8872	13845
8872	13881
3613	14155
3613	13597
8872	14917
5008	13292
3279	9715
